elapsed_time [min],weight [g]
0.311335064470768,30.02
0.31276269257068634,29.82
0.3141994774341583,29.76
0.31564515456557274,29.78
0.3171684332191944,29.84
0.3185887634754181,29.98
0.32008055970072746,29.94
0.3215140514075756,29.86
0.3229910284280777,29.67
0.32445213943719864,29.6
0.3258821666240692,29.8
0.32736489549279213,29.76
0.32881882786750793,29.58
0.3302116058766842,29.51
0.3316047042608261,29.67
0.3331887274980545,29.8
0.33463457599282265,29.95
0.33600907772779465,29.98
0.33748801052570343,29.89
0.33900799602270126,29.9
0.3404587656259537,29.84
0.34192369133234024,29.89
0.34335029125213623,29.97
0.34476178139448166,29.8
0.34618451073765755,29.52
0.3477591909468174,29.71
0.349202249199152,29.93
0.3506580628454685,30.05
0.3520561568439007,29.87
0.3534356318414211,30.01
0.35503513365983963,30.02
0.3565012291073799,29.8
0.35787928849458694,29.7
0.3593836612999439,29.98
0.36075303331017494,30.03
0.36231754347682,29.97
0.3637726716697216,30.25
0.3652157001197338,31.37
0.3666112422943115,32.83
0.368146363645792,35.64
0.36960887163877487,37.12
0.3710350915789604,37.3
0.37250038981437683,36.05
0.3740854449570179,35.64
0.37542159855365753,38.81
0.37672049179673195,34.53
0.3783373422920704,29.51
0.37975000590085983,29.11
0.38123883679509163,22.98
0.3827047385275364,16.44
0.38411838933825493,14.56
0.3856109231710434,13.44
0.3870754987001419,12.97
0.38845427334308624,13.0
0.38991738855838776,13.16
0.391393456608057,13.11
0.3929036818444729,12.96
0.3943590186536312,12.89
0.39578383415937424,12.69
0.3972688242793083,12.35
0.3986070714890957,11.04
0.4002131335437298,7.48
0.4016120508313179,4.2
0.4030391126871109,3.93
0.4044879302382469,4.27
0.4060134142637253,4.68
0.40747853741049767,4.96
0.40890655666589737,5.14
0.41032521054148674,5.07
0.41177721321582794,4.74
0.4131956063210964,4.86
0.4147438183426857,5.24
0.4162074476480484,6.9
0.41764922067523,11.5
0.4191065840423107,14.04
0.42056122049689293,14.0
0.4219004102051258,13.67
0.42347855493426323,13.34
0.4249040558934212,13.0
0.42635630816221237,12.71
0.4277978762984276,12.61
0.4293043836951256,12.75
0.4307708330452442,12.67
0.4322250485420227,12.31
0.4336339831352234,14.51
0.43509170785546303,15.95
0.43652790039777756,-25.69
0.43808288499712944,-55.11
0.43951354920864105,-81.42
0.44090550392866135,-77.22
0.4423273876309395,-49.15
0.44375111162662506,-30.52
0.4453500099480152,-27.72
0.4467709958553314,-69.03
0.44822748750448227,-74.65
0.44965502619743347,-6.97
0.45107048749923706,8.41
0.4526386298239231,8.57
0.454094510525465,8.09
0.4554823487997055,7.72
0.45699382573366165,7.39
0.45838073268532753,7.37
0.45978422090411186,7.23
0.46134477853775024,7.27
0.4628082327544689,7.35
0.46426812186837196,7.7
0.4657534100115299,8.59
0.4671672284603119,10.51
0.4686335325241089,11.66
0.4700877070426941,11.32
0.47151824086904526,11.03
0.4729922376573086,12.05
0.47439831495285034,32.49
0.4759044647216797,43.62
0.4773842319846153,1.62
0.478835791349411,0.72
0.4802659712731838,13.33
0.48168691992759705,26.45
0.4830957502126694,2.0
0.4846450984477997,5.09
0.4860699847340584,29.54
0.4874811880290508,40.92
0.488929595798254,6.89
0.4904746264219284,9.35
0.4919234775006771,20.72
0.493369460105896,17.1
0.4947737827897072,7.82
0.4963115006685257,8.78
0.49776092171669006,8.58
0.4992156997323036,7.72
0.5006754770874977,6.95
0.5020824857056141,6.79
0.5035721510648727,6.97
0.5050462745130062,7.0
0.5065063945949078,6.93
0.5079237632453442,6.2
0.5093739032745361,0.79
0.5108190588653088,-3.87
0.5123017430305481,-6.41
0.5137502737343311,-25.25
0.5152265168726444,-21.94
0.5166395269334316,-1.4
0.5181308127939701,-7.82
0.5195763744413853,-30.95
0.5210523083806038,-35.36
0.5225043743848801,-4.42
0.5239274613559246,7.96
0.5253492295742035,7.35
0.5268609896302223,6.28
0.5283432006835938,5.26
0.5298150926828384,4.49
0.5312148295342922,4.23
0.5326851047575474,4.05
0.5341610461473465,4.23
0.5354824066162109,4.72
0.5370948016643524,5.32
0.5385042540729046,6.1
0.5399660989642143,6.11
0.5414009280502796,4.86
0.5429122783243656,4.01
0.5443084761500359,4.68
0.5457940734922886,4.72
0.5472692400217056,4.8
0.548639502376318,5.92
0.5501028597354889,6.8
0.5515513569116592,6.8
0.5530889071524143,7.24
0.554533664137125,8.09
0.5559326633810997,9.36
0.5574394389986992,10.83
0.5589174330234528,11.38
0.5603720955550671,11.51
0.5617989152669907,11.57
0.5632841549813747,10.12
0.5647225119173527,8.47
0.5662072487175465,9.9
0.5675521641969681,11.57
0.5691084377467632,13.33
0.5705101862549782,14.83
0.571953758597374,13.97
0.5734572187066078,13.06
0.5749286636710167,12.81
0.5763771012425423,12.47
0.5778432711958885,12.2
0.5792897455394268,12.06
0.5807470493018627,11.6
0.5820868276059628,11.45
0.5836652033030987,11.61
0.5851157531142235,11.52
0.5865464881062508,11.3
0.5880433693528175,11.34
0.5894367918372154,11.46
0.5909507237374783,11.55
0.5923782102763653,11.47
0.593795221298933,11.28
0.5952396765351295,11.4
0.5967615433037281,11.26
0.5982372760772705,10.98
0.599670059978962,11.07
0.6011388301849365,11.33
0.6025980226695538,11.32
0.6039503999054432,11.25
0.6055285185575485,11.1
0.6069871410727501,10.96
0.6083975955843925,11.13
0.6098668836057186,11.43
0.6113206520676613,11.39
0.6127879768610001,11.17
0.614246528595686,11.35
0.6156636290252209,11.37
0.6171533167362213,11.23
0.6186305955052376,11.22
0.6200724318623543,11.25
0.6215329170227051,11.27
0.6229948252439499,11.19
0.6243731081485748,11.31
0.6258096471428871,11.29
0.6273464187979698,11.25
0.6288342662155628,11.21
0.6302695460617542,11.18
0.631662480533123,11.18
0.6331116184592247,11.24
0.6346501298248768,11.43
0.6361057758331299,11.41
0.6375333517789841,11.32
0.6389877200126648,11.34
0.6404552906751633,11.14
0.6419128850102425,11.19
0.6432906351983547,11.28
0.6448203846812248,11.21
0.6462771557271481,11.34
