elapsed_time [min],weight [g]
0.8837413713335991,-0.47,3.14,20.02
0.8867414407432079,-0.47,3.14,20.01
0.8896196410059929,-0.47,3.14,20.02
0.8925240561366081,-0.47,3.14,20.02
0.8941741026937962,-0.47,3.14,20.02
0.8956462182104588,-0.47,3.14,20.02
0.8971020728349686,-0.47,3.14,20.02
0.8985634595155716,-0.47,3.14,20.02
0.9000449292361736,-0.47,3.14,20.02
0.9015251733362675,-0.47,3.14,20.02
0.9029994159936905,-0.47,3.14,20.02
0.9044690430164337,-0.47,3.14,20.02
0.9059678427875042,-0.47,3.14,20.02
0.9074394851922989,-0.47,3.15,20.02
0.9089227393269539,-0.47,3.16,20.02
0.9104045033454895,-0.47,3.15,20.02
0.9118845500051975,-0.47,3.15,20.02
0.9133559726178646,-0.47,3.15,20.02
0.9148314446210861,-0.47,3.15,20.02
0.9163060411810875,-0.47,3.15,20.02
0.9177925065159798,-0.47,3.15,20.02
0.9191454164683819,-0.47,3.15,20.02
0.9207197278738022,-0.46,3.15,20.02
0.9222222045063972,-0.47,3.15,20.02
0.9236822575330734,-0.47,3.15,20.02
0.9251744411885738,-0.46,3.15,20.02
0.9266225807368755,-0.47,3.15,20.02
0.9281356632709503,-0.47,3.15,20.02
0.9295215755701065,-0.47,3.15,20.02
0.9310942888259888,-0.47,3.15,20.02
0.9325696714222431,-0.47,3.15,20.02
0.9340476989746094,-0.47,3.15,20.02
0.935526080429554,-0.46,3.15,20.02
0.9370089173316956,-0.47,3.15,20.02
0.9384830445051193,-0.47,3.15,20.02
0.9399691559374332,-0.47,3.15,20.02
0.9414433650672436,-0.47,3.15,20.02
0.9429266676306725,-0.47,3.15,20.02
0.9444104768335819,-0.47,3.15,20.02
0.9458857662975788,-0.46,3.15,20.02
0.9473424479365349,-0.47,3.15,20.02
0.948788795620203,-0.47,3.15,20.02
0.9502408094704151,-0.47,3.15,20.02
0.9517382420599461,-0.47,3.15,20.03
0.9532259963452816,-0.46,3.15,20.03
0.9547025598585606,-0.46,3.15,20.03
0.956231452524662,-0.47,3.15,20.03
0.9576856978237629,-0.47,3.15,20.03
0.959157433360815,-0.46,3.15,20.03
0.960623238235712,-0.46,3.15,20.03
0.9621135741472244,-0.46,3.15,20.02
0.9635633751749992,-0.47,3.15,20.03
0.9650648720562458,-0.46,3.15,20.03
0.9665564298629761,-0.46,3.15,20.03
0.9680411070585251,-0.46,3.15,20.03
0.9695302918553352,-0.46,3.15,20.02
0.9709898829460144,-0.46,3.15,20.02
0.9724883660674095,-0.46,3.15,20.03
0.9739758521318436,-0.46,3.15,20.03
0.9754552468657494,-0.46,3.15,20.03
0.9769287370145321,-0.46,3.15,20.03
0.9798889309167862,-0.46,3.16,20.03
0.9828490503132343,-0.46,3.16,20.03
0.9858132414519787,-0.46,3.16,20.04
0.9887612275779247,-0.46,3.16,20.04
0.9917206019163132,-0.46,3.16,20.03
0.9946759641170502,-0.46,3.16,20.03
0.9976262785494328,-0.46,3.16,20.03
1.000600315630436,-0.46,3.15,20.04
1.00354940071702,-0.46,3.15,20.04
1.0064808875322342,-0.46,3.16,20.04
1.0094673037528992,-0.46,3.15,20.04
1.0124251544475555,-0.46,3.15,20.04
1.0153894610702991,-0.46,3.15,20.04
1.0181870721280575,-0.46,3.15,20.04
1.0212990194559097,-0.46,3.15,20.04
1.0242529176175594,-0.46,3.16,20.04
1.0272107496857643,-0.46,3.16,20.04
1.0301415771245956,-0.46,3.16,20.04
1.0331134088337421,-0.46,3.16,20.04
1.0359643585979939,-0.46,3.16,20.04
1.039009414613247,-0.46,3.16,20.04
1.0419602170586586,-0.46,3.16,20.04
1.0449578650295734,-0.46,3.16,20.04
1.047902349382639,-0.46,3.16,20.04
1.0508724562823772,-0.46,3.16,20.04
1.0535746440291405,-0.46,3.16,20.04
1.055329866707325,-0.46,3.17,20.04
1.0568277835845947,-0.46,3.17,20.04
1.05828358232975,-0.46,3.17,20.04
1.0597582757472992,-0.46,3.17,20.04
1.061225339770317,-0.46,3.17,20.04
1.0626892149448395,-0.46,3.17,20.04
1.0641616396605968,-0.46,3.17,20.04
1.065648302435875,-0.46,3.17,20.04
1.067129086703062,-0.46,3.17,20.04
1.0686078555881977,-0.46,3.17,20.04
1.0700902864336967,-0.46,3.17,20.04
1.071573406457901,-0.46,3.17,20.04
1.0730517655611038,-0.46,3.17,20.04
1.0745174661278725,-0.46,3.17,20.04
1.077480684965849,-0.46,3.17,20.04
1.0804222412407398,-0.46,3.17,20.04
1.0833774618804455,-0.45,3.17,20.04
1.0863439738750458,-0.46,3.17,20.04
1.0893107242882252,-0.46,3.17,20.04
1.0922539494931698,-0.46,3.17,20.04
1.0952276512980461,-0.46,3.17,20.04
1.0981801189482212,-0.46,3.18,20.05
1.1011320166289806,-0.45,3.18,20.05
1.1040526069700718,-0.46,3.18,20.04
1.107011653482914,-0.46,3.18,20.05
1.108518123626709,-0.46,3.18,20.05
1.1099986843764782,-0.46,3.19,20.05
1.1114601492881775,-0.46,3.2,20.05
1.1129510179162025,-0.46,3.21,20.05
1.1143338419497013,-0.46,3.21,20.05
1.1158170439302921,-0.46,3.22,20.05
1.117331575602293,-0.46,3.22,20.05
1.1187999583780766,-0.46,3.22,20.05
1.1202759221196175,-0.46,3.22,20.05
1.121736764907837,-0.46,3.22,20.05
1.123280592262745,-0.46,3.22,20.05
1.12470368668437,-0.46,3.22,20.05
1.1262371614575386,-0.45,3.22,20.05
1.1277390979230404,-0.46,3.22,20.05
1.1291647739708424,-0.46,3.22,20.05
1.1306288093328476,-0.46,3.22,20.05
1.1321107000112534,-0.46,3.21,20.05
1.1335952691733837,-0.46,3.21,20.05
1.1350792907178402,-0.46,3.22,20.05
1.136548649519682,-0.46,3.21,20.05
1.13809335231781,-0.46,3.21,20.05
1.1395442970097065,-0.46,3.21,20.05
1.1409994028508663,-0.46,3.21,20.05
1.1424615234136581,-0.46,3.21,20.05
1.1439840979874134,-0.46,3.21,20.05
1.145444180816412,-0.46,3.21,20.05
1.1469397023320198,-0.46,3.21,20.05
1.1484473869204521,-0.46,3.21,20.05
1.1499261260032654,-0.46,3.21,20.05
1.1514134779572487,-0.46,3.21,20.05
1.1528929844498634,-0.46,3.21,20.05
1.1543726176023483,-0.45,3.21,20.05
1.1558420322835445,-0.46,3.21,20.05
1.1573239788413048,-0.46,3.21,20.05
1.158804975450039,-0.46,3.21,20.05
1.160291038453579,-0.46,3.21,20.05
1.161755133420229,-0.46,3.21,20.05
1.1632302664220333,-0.46,3.21,20.05
1.1647188141942024,-0.46,3.21,20.05
1.1662004068493843,-0.46,3.21,20.05
1.1676814891397953,-0.46,3.21,20.05
1.1691487319767475,-0.45,3.21,20.05
1.1706257574260235,-0.46,3.21,20.05
1.1721069142222404,-0.46,3.21,20.05
1.173587016761303,-0.45,3.21,20.05
1.1765164397656918,-0.46,3.21,20.05
1.1794967353343964,-0.46,3.21,20.05
1.1824576929211617,-0.46,3.21,20.05
1.1854170858860016,-0.45,3.21,20.05
1.1883478313684464,-0.46,3.21,20.05
1.1913328431546688,-0.46,3.21,20.05
1.194271631538868,-0.45,3.21,20.05
1.1972659975290298,-0.46,3.22,20.06
1.200210977345705,-0.46,3.23,20.06
1.2029994800686836,-0.45,3.23,20.06
1.2061225324869156,-0.46,3.24,20.05
1.2090486884117126,-0.46,3.23,20.06
1.2120340690016747,-0.45,3.24,20.06
1.2149953618645668,-0.46,3.23,20.05
1.2178886383771896,-0.45,3.23,20.06
1.2194681018590927,-0.45,3.23,20.06
1.220940038561821,-0.45,3.23,20.06
1.2224061712622643,-0.45,3.23,20.06
1.2238641791045666,-0.45,3.23,20.05
1.2253382205963135,-0.45,3.23,20.05
1.2268166579306126,-0.45,3.23,20.05
1.228300143033266,-0.45,3.23,20.05
1.229785680770874,-0.45,3.23,20.06
1.231251049786806,-0.45,3.23,20.05
1.232702948153019,-0.45,3.23,20.05
1.2342154532670975,-0.45,3.23,20.05
1.235635206103325,-0.45,3.23,20.04
1.237171869724989,-0.45,3.23,20.05
1.23864970728755,-0.45,3.23,20.05
1.240114539861679,-0.45,3.23,20.05
1.2416108027100563,-0.45,3.23,20.05
1.243049018085003,-0.45,3.23,20.05
1.2445585913956165,-0.45,3.23,20.05
1.246034637093544,-0.45,3.23,20.06
1.2475070841610432,-0.45,3.23,20.05
1.248994268476963,-0.45,3.23,20.05
1.2504849210381508,-0.45,3.23,20.06
1.2519261240959167,-0.45,3.23,20.07
1.2534074895083904,-0.45,3.23,20.07
1.2549192607402802,-0.45,3.23,20.07
1.2563654780387878,-0.45,3.23,20.06
1.257859155535698,-0.45,3.23,20.06
1.2593482360243797,-0.45,3.23,20.05
1.2608151510357857,-0.45,3.23,20.04
1.262297511100769,-0.45,3.23,20.04
1.2637834809720516,-0.46,3.23,20.04
1.2652601897716522,-0.45,3.23,20.04
1.2667403630912304,-0.45,3.23,20.05
1.2682202495634556,-0.45,3.23,20.04
1.269706279039383,-0.45,3.23,20.04
1.2711743637919426,-0.45,3.23,20.04
1.2726512178778648,-0.45,3.23,20.04
1.2756182476878166,-0.45,3.23,20.04
1.2785676568746567,-0.45,3.23,20.03
1.2815314680337906,-0.45,3.23,20.04
1.284480519592762,-0.45,3.23,20.04
1.2874372750520706,-0.45,3.23,20.04
1.2904029116034508,-0.45,3.23,20.04
1.2933664359152317,-0.45,3.23,20.04
1.2962495125830173,-0.45,3.23,20.04
1.2992405593395233,-0.45,3.23,20.04
1.3022041730582714,-0.45,3.23,20.04
1.3051631450653076,-0.45,3.23,20.04
1.308082390576601,-0.45,3.23,20.04
1.3110541813075542,-0.45,3.23,20.04
1.314059216529131,-0.45,3.23,20.04
1.3170260936021805,-0.45,3.23,20.04
1.3199689649045467,-0.45,3.23,20.04
1.3229307010769844,-0.45,3.23,20.04
1.325899165123701,-0.45,3.22,20.04
1.3288434073328972,-0.45,3.23,20.05
1.3318001106381416,-0.45,3.23,20.05
1.3347620218992233,-0.45,3.23,20.05
1.3377054147422314,-0.45,3.22,20.05
1.3406461291015148,-0.45,3.22,20.05
1.3436317071318626,-0.45,3.22,20.05
1.346548918634653,-0.45,3.22,20.05
1.3495353050529957,-0.45,3.22,20.05
1.3525137156248093,-0.45,3.22,20.05
1.3554617576301098,-0.45,3.22,20.05
1.3584100641310215,-0.45,3.22,20.05
1.359888318926096,-0.45,3.22,20.05
1.3613626398146152,-0.45,3.22,20.05
1.3626605309545994,-0.45,3.22,20.05
1.3641107343137264,-0.45,3.22,20.05
1.3656183145940304,-0.45,3.22,20.06
1.3672811277210712,-0.44,3.22,20.04
1.368559092283249,-0.45,3.22,20.03
1.3700819127261639,-0.45,3.22,20.04
1.3717150315642357,-0.45,3.22,20.04
1.3744874335825443,-0.45,3.22,20.05
1.3776219189167023,-0.45,3.22,20.04
1.380605150014162,-0.45,3.22,20.05
1.3821384012699127,-0.45,3.23,20.06
1.3835936672985554,-0.45,3.23,20.07
1.3850506842136383,-0.45,3.23,20.06
1.3865238651633263,-0.45,3.23,20.06
1.3879819326102734,-0.45,3.23,20.06
1.389457754790783,-0.45,3.23,20.06
1.3909442648291588,-0.45,3.23,20.06
1.3924431651830673,-0.45,3.23,20.06
1.3938973769545555,-0.45,3.23,20.06
1.3953826949000359,-0.45,3.22,20.06
1.3968624137341976,-0.45,3.22,20.05
1.3983525484800339,-0.45,3.22,20.05
1.399828813970089,-0.45,3.22,20.05
1.4013005420565605,-0.45,3.22,20.06
1.402784712612629,-0.45,3.22,20.05
1.4042596146464348,-0.45,3.22,20.04
1.405742559581995,-0.45,3.22,20.04
1.407217137515545,-0.45,3.22,20.04
1.4086287431418896,-0.45,3.22,20.04
1.4101366139948368,-0.45,3.22,20.04
1.4116209782660007,-0.45,3.22,20.05
1.4131098315119743,-0.45,3.22,20.05
1.414512563496828,-0.45,3.22,20.05
1.4160322099924088,-0.45,3.22,20.05
1.4175219424068928,-0.45,3.22,20.05
1.4189982786774635,-0.45,3.22,20.05
1.4204917550086975,-0.45,3.22,20.05
1.4219587743282318,-0.45,3.22,20.05
1.4234534576535225,-0.45,3.22,20.06
1.4249680377542973,-0.45,3.22,20.06
1.4264323823153973,-0.45,3.22,20.06
1.4279187321662903,-0.45,3.22,20.06
1.4293334670364857,-0.45,3.22,20.06
1.4308745376765728,-0.45,3.22,20.07
1.4323318116366863,-0.45,3.22,20.08
1.4337786212563515,-0.45,3.22,20.08
1.4352518357336521,-0.45,3.22,20.08
1.436793863773346,-0.45,3.22,20.08
1.4382527694106102,-0.45,3.22,20.08
1.439694233238697,-0.45,3.22,20.07
1.4412245862185955,-0.45,3.22,20.07
1.442695040255785,-0.45,3.22,20.07
1.4441686980426311,-0.45,3.22,20.07
1.4456474408507347,-0.45,3.22,20.07
1.4471412003040314,-0.45,3.21,20.07
1.4485923051834106,-0.45,3.22,20.07
1.4500696584582329,-0.45,3.21,20.07
1.4515609256923199,-0.45,3.22,20.07
1.453062865883112,-0.45,3.22,20.07
1.4545430205762386,-0.45,3.22,20.07
1.4560116045176983,-0.45,3.22,20.07
1.457494143396616,-0.45,3.22,20.07
1.4589698985219002,-0.45,3.22,20.07
1.460450254380703,-0.44,3.21,20.07
1.4619275331497192,-0.45,3.22,20.07
1.4634151346981525,-0.45,3.21,20.07
1.4648847244679928,-0.45,3.21,20.07
1.4663531854748726,-0.45,3.21,20.07
1.4678468108177185,-0.45,3.21,20.06
1.4693178832530975,-0.45,3.21,20.06
1.4722853377461433,-0.44,3.21,20.07
1.4752408750355244,-0.45,3.21,20.06
1.47818186506629,-0.44,3.21,20.07
1.4811249189078808,-0.44,3.21,20.07
1.484115593135357,-0.45,3.21,20.07
1.4870719723403454,-0.44,3.21,20.07
1.4899695590138435,-0.44,3.21,20.07
1.4929255470633507,-0.45,3.21,20.07
1.495853379368782,-0.45,3.21,20.07
1.498889833688736,-0.45,3.22,20.07
1.5018333904445171,-0.45,3.22,20.07
1.504807785153389,-0.45,3.22,20.07
1.50773049518466,-0.44,3.22,20.07
1.5106943473219872,-0.45,3.22,20.04
1.5136862844228745,-0.45,3.22,20.05
1.5166447423398495,-0.44,3.22,20.06
1.5195953622460365,-0.44,3.22,20.06
1.5225581638514996,-0.45,3.21,20.08
1.5255081057548523,-0.44,3.22,20.06
1.5284628979861736,-0.44,3.22,20.05
1.531428374350071,-0.45,3.22,20.04
1.534367062151432,-0.44,3.22,20.05
1.5371201783418655,-0.45,3.22,20.05
1.540302261710167,-0.45,3.22,20.05
1.5432648733258247,-0.44,3.22,20.05
1.544759165495634,-0.45,3.22,20.05
1.5462369695305824,-0.45,3.22,20.05
1.5476986281573772,-0.44,3.22,20.05
1.5491692088544369,-0.45,3.22,20.05
1.5506422147154808,-0.44,3.22,20.05
1.5521225929260254,-0.44,3.22,20.05
1.5536173731088638,-0.44,3.22,20.05
1.5550806671380997,-0.44,3.22,20.05
1.5565655454993248,-0.44,3.22,20.05
1.5580475851893425,-0.44,3.22,20.05
1.559511635452509,-0.44,3.22,20.05
1.561005387455225,-0.44,3.22,20.04
1.5624833442270756,-0.44,3.22,20.05
1.563961885869503,-0.44,3.23,20.05
1.5654359497129917,-0.44,3.23,20.05
1.5669115297496319,-0.44,3.23,20.05
1.5698802582919598,-0.44,3.23,20.05
1.5728273168206215,-0.44,3.23,20.05
1.5757841914892197,-0.45,3.23,20.05
1.578659512102604,-0.44,3.24,20.06
1.5817100629210472,-0.44,3.24,20.06
1.5846659764647484,-0.45,3.23,20.06
1.587568711489439,-0.45,3.23,20.06
1.5905622094869614,-0.44,3.23,20.06
1.5935249961912632,-0.44,3.23,20.06
1.5964457914233208,-0.44,3.23,20.06
1.5994452573359013,-0.44,3.23,20.06
1.6023994721472263,-0.44,3.23,20.05
1.6053501293063164,-0.44,3.23,20.06
1.6082660742104053,-0.45,3.23,20.06
1.6112221144139767,-0.44,3.23,20.06
1.612730335444212,-0.44,3.23,20.06
1.6142291128635406,-0.45,3.23,20.06
1.61564601957798,-0.45,3.23,20.06
1.6171837002038956,-0.44,3.23,20.06
1.6186373680830002,-0.44,3.23,20.05
1.6201352663338184,-0.45,3.23,20.05
1.6215386763215065,-0.45,3.23,20.04
1.6230336092412472,-0.45,3.23,20.04
1.6245727762579918,-0.45,3.23,20.04
1.6260100789368153,-0.45,3.23,20.05
1.6275238804519176,-0.45,3.23,20.05
1.6289853528141975,-0.45,3.23,20.05
1.6304989010095596,-0.45,3.23,20.05
1.6319897435605526,-0.44,3.23,20.05
1.6334618516266346,-0.44,3.23,20.05
1.6349353604018688,-0.45,3.23,20.06
1.6364161409437656,-0.45,3.23,20.06
1.6378581523895264,-0.44,3.24,20.06
1.6393669694662094,-0.44,3.24,20.06
1.6408206932246685,-0.44,3.24,20.07
1.6423239298164845,-0.44,3.24,20.07
1.6438000537455082,-0.44,3.24,20.07
1.645272634923458,-0.45,3.24,20.08
1.6467541679739952,-0.44,3.24,20.08
1.6482422053813934,-0.44,3.23,20.09
1.6497187688946724,-0.45,3.23,20.09
1.6512051597237587,-0.44,3.23,20.09
1.6526774913072586,-0.44,3.23,20.09
1.6541552618145943,-0.44,3.23,20.1
1.6556361205875874,-0.44,3.23,20.09
1.6571138240396976,-0.44,3.23,20.09
1.6586007699370384,-0.45,3.23,20.09
1.6600797027349472,-0.45,3.23,20.09
1.6615544967353344,-0.44,3.23,20.09
1.6630375236272812,-0.44,3.23,20.09
1.6645133420825005,-0.44,3.23,20.09
1.6659815795719624,-0.44,3.23,20.09
1.668948095291853,-0.44,3.24,20.09
1.671895980834961,-0.44,3.24,20.09
1.6746655628085136,-0.44,3.24,20.09
1.6778273060917854,-0.44,3.24,20.09
1.6807781271636486,-0.44,3.23,20.09
1.683742556720972,-0.44,3.23,20.1
1.6865556575357914,-0.44,3.23,20.09
1.6894862800836563,-0.44,3.24,20.09
1.6926157511770725,-0.44,3.24,20.09
1.6955619007349014,-0.44,3.24,20.09
1.6985181421041489,-0.44,3.24,20.09
1.7014197036623955,-0.44,3.24,20.09
1.7044338919222355,-0.44,3.24,20.09
1.7059579379856586,-0.44,3.24,20.09
1.7074167728424072,-0.44,3.24,20.09
1.70888277515769,-0.44,3.24,20.09
1.7102924697101116,-0.44,3.24,20.09
1.711826253682375,-0.44,3.24,20.09
1.7133109830319881,-0.44,3.24,20.09
1.7147915661334991,-0.44,3.24,20.09
1.7162632420659065,-0.44,3.24,20.09
1.717751283198595,-0.44,3.24,20.09
1.7192224524915218,-0.44,3.24,20.09
1.7207067161798477,-0.44,3.24,20.09
1.7221900597214699,-0.44,3.24,20.09
1.7236581146717072,-0.44,3.24,20.09
1.7251445837318897,-0.44,3.24,20.09
1.7266162857413292,-0.44,3.24,20.09
1.7280889935791492,-0.44,3.24,20.09
1.72957244515419,-0.44,3.24,20.09
1.7310507744550705,-0.44,3.24,20.09
1.7325293458998203,-0.44,3.24,20.09
1.7340137958526611,-0.44,3.24,20.09
1.7354567870497704,-0.44,3.24,20.09
1.7369552254676819,-0.44,3.24,20.08
1.7384412735700607,-0.44,3.24,20.08
1.7399291507899761,-0.44,3.24,20.09
1.741411779075861,-0.44,3.24,20.09
1.74288747087121,-0.44,3.24,20.09
1.744358316063881,-0.44,3.24,20.09
1.7458181716501713,-0.44,3.24,20.09
1.7473150119185448,-0.44,3.24,20.09
1.7488049566745758,-0.44,3.24,20.09
1.750267744064331,-0.44,3.24,20.09
1.7517619207501411,-0.44,3.24,20.09
1.7532226033508778,-0.44,3.24,20.09
1.7547066435217857,-0.44,3.24,20.09
1.7561642304062843,-0.44,3.24,20.09
1.757643185555935,-0.44,3.24,20.08
1.7591336257755756,-0.44,3.24,20.09
1.760626345872879,-0.44,3.24,20.08
1.76209082826972,-0.44,3.24,20.08
1.7635704912245274,-0.44,3.24,20.08
1.7650601267814636,-0.44,3.24,20.09
1.7680228874087334,-0.44,3.24,20.09
1.7709791921079159,-0.44,3.24,20.08
1.7739448845386505,-0.44,3.24,20.08
1.7768896482884884,-0.44,3.24,20.08
1.7798535339534283,-0.45,3.24,20.08
1.782815556973219,-0.44,3.24,20.08
1.7856444157660007,-0.44,3.24,20.08
1.7886944711208344,-0.44,3.24,20.08
1.791664995253086,-0.44,3.24,20.09
1.7945245616137981,-0.44,3.24,20.08
1.7975048422813416,-0.44,3.24,20.09
1.800516352057457,-0.44,3.24,20.08
1.8035074397921562,-0.44,3.24,20.08
1.8064663223922253,-0.44,3.24,20.08
1.8094221465289593,-0.44,3.24,20.08
1.812379602342844,-0.44,3.24,20.08
1.8153491280972958,-0.44,3.24,20.08
1.818275198340416,-0.44,3.24,20.08
1.8212596401572227,-0.44,3.24,20.08
1.8242178186774254,-0.44,3.24,20.08
1.8271737843751907,-0.44,3.24,20.09
1.8301280178129673,-0.44,3.24,20.08
1.8330599963665009,-0.44,3.24,20.08
1.836037054657936,-0.44,3.24,20.09
1.8389598950743675,-0.44,3.24,20.09
1.8419562205672264,-0.44,3.24,20.09
1.8448687046766281,-0.44,3.24,20.08
1.847824577242136,-0.44,3.24,20.08
1.8508263267576694,-0.44,3.24,20.08
1.8537518680095673,-0.44,3.24,20.08
1.856716301292181,-0.44,3.24,20.08
1.8595900349318981,-0.44,3.24,20.08
1.8691616132855415,-0.44,3.24,-40.52
1.8786318115890026,-0.44,3.24,20.08
1.881591983139515,-0.44,3.25,20.09
1.884548433125019,-0.44,3.25,20.08
1.887475736439228,-0.44,3.25,20.08
1.8904261626303196,-0.44,3.25,20.08
1.8933831602334976,-0.44,3.25,20.08
1.896285269409418,-0.44,3.26,20.08
1.8979077115654945,-0.44,3.26,20.08
1.8993792831897736,-0.44,3.26,20.08
1.9008439965546131,-0.44,3.26,20.08
1.9022878743708134,-0.43,3.25,20.08
1.9037687480449677,-0.44,3.25,20.08
1.9052439704537392,-0.44,3.25,20.08
1.9067294225096703,-0.44,3.25,20.08
1.9082085639238358,-0.44,3.26,20.08
1.9096752516925335,-0.44,3.25,20.08
1.9111520536243916,-0.44,3.25,20.08
1.912630945444107,-0.44,3.25,20.08
1.9141128100454807,-0.44,3.25,20.08
1.9155944474041462,-0.44,3.25,20.08
1.917075663805008,-0.44,3.25,20.08
1.9185573756694794,-0.44,3.25,20.08
1.9200299680233002,-0.44,3.25,20.09
1.9215109832584858,-0.44,3.25,20.08
1.9229852482676506,-0.44,3.25,20.09
1.9244606792926788,-0.44,3.25,20.09
1.9259465597569942,-0.44,3.25,20.09
1.927424542605877,-0.44,3.25,20.09
1.9288639165461063,-0.44,3.25,20.09
1.930367935448885,-0.44,3.25,20.08
1.9318263120949268,-0.44,3.25,20.09
1.9333408772945404,-0.44,3.25,20.09
1.9346951395273209,-0.44,3.25,20.09
1.9362645484507084,-0.44,3.25,20.08
1.9377181380987167,-0.44,3.25,20.09
1.9392474107444286,-0.44,3.25,20.09
1.940703172236681,-0.44,3.25,20.09
1.9422126524150372,-0.44,3.25,20.09
1.9436730928719044,-0.44,3.25,20.09
1.94510468095541,-0.44,3.25,20.09
1.9465432316064835,-0.44,3.25,20.09
1.9481070078909397,-0.44,3.25,20.09
1.9496052600443363,-0.44,3.25,20.09
1.9510926343500614,-0.44,3.25,20.09
1.9525632038712502,-0.44,3.25,20.09
1.953986544162035,-0.44,3.25,20.09
1.9555312506854534,-0.44,3.25,20.09
1.956969991326332,-0.44,3.25,20.09
1.9584197402000427,-0.43,3.25,20.08
1.9599202200770378,-0.44,3.25,20.09
1.9613826982676983,-0.44,3.25,20.09
1.9643371030688286,-0.44,3.25,20.08
1.9672937206923962,-0.44,3.25,20.08
1.97029372677207,-0.44,3.25,20.08
1.9732295498251915,-0.44,3.25,20.09
1.9761863499879837,-0.44,3.25,20.09
1.979170709848404,-0.44,3.25,20.09
1.9820886254310608,-0.44,3.25,20.09
1.9850967414677143,-0.44,3.25,20.09
1.9880530312657356,-0.44,3.25,20.09
1.9909965321421623,-0.44,3.25,20.09
1.9939640387892723,-0.44,3.25,20.09
1.9969288744032383,-0.44,3.25,20.09
1.9998869150877,-0.44,3.25,20.09
2.0026488080620766,-0.44,3.25,20.09
2.0057931169867516,-0.44,3.25,20.09
2.008756138384342,-0.44,3.25,20.09
2.011711172759533,-0.44,3.25,20.09
2.014674250036478,-0.44,3.25,20.09
2.017634365707636,-0.44,3.25,20.09
2.0205998234450817,-0.44,3.25,20.09
2.023549746721983,-0.44,3.25,20.09
2.02650423720479,-0.44,3.25,20.09
2.0293121561408043,-0.44,3.25,20.09
2.0324165262281895,-0.44,3.25,20.09
2.035375654697418,-0.44,3.25,20.09
2.0382160916924477,-0.44,3.25,20.09
2.041291706264019,-0.44,3.25,20.09
2.044205918908119,-0.44,3.25,20.09
2.0472130812704563,-0.44,3.25,20.09
2.050076764076948,-0.44,3.25,20.09
2.0530547313392162,-0.44,3.25,20.09
2.056071598082781,-0.44,3.25,20.09
2.0590426214039326,-0.44,3.25,20.09
2.0606212951242924,-0.44,3.25,20.09
2.0634902641177177,-0.44,3.25,20.09
2.066452369093895,-0.44,3.25,20.09
2.067896816879511,-0.43,3.25,20.09
2.069374930113554,-0.43,3.25,20.09
2.070860307663679,-0.44,3.25,20.09
2.0723245553672314,-0.43,3.25,20.09
2.073809437453747,-0.44,3.25,20.09
2.07529067248106,-0.44,3.25,20.09
2.076766837388277,-0.44,3.25,20.09
2.0782526172697544,-0.44,3.25,20.09
2.079724747687578,-0.43,3.25,20.09
2.081209823489189,-0.44,3.25,20.09
2.0826872177422047,-0.44,3.25,20.09
2.084153089672327,-0.44,3.25,20.09
2.0856413766741753,-0.44,3.25,20.09
2.0871326327323914,-0.44,3.25,20.09
2.0886062756180763,-0.44,3.25,20.09
2.0900830663740635,-0.44,3.26,20.09
2.0915576443076134,-0.44,3.26,20.09
2.0930409617722034,-0.43,3.25,20.09
2.094522099941969,-0.43,3.25,20.09
2.0960002914071083,-0.44,3.25,20.09
2.097470749169588,-0.44,3.25,20.09
2.098950643092394,-0.43,3.26,20.09
2.1004283763468266,-0.43,3.26,20.09
2.1019199155271053,-0.43,3.25,20.09
2.1033967547118664,-0.44,3.25,20.09
2.104877322912216,-0.44,3.25,20.09
2.1063579581677914,-0.44,3.25,20.09
2.1078354753553867,-0.44,3.26,20.09
2.1093167811632156,-0.43,3.26,20.09
2.110797218978405,-0.44,3.25,20.09
2.1122634522616863,-0.43,3.25,20.09
2.1137408688664436,-0.44,3.25,20.09
2.115227710455656,-0.44,3.25,20.09
2.116707466542721,-0.44,3.25,20.09
2.1181908324360847,-0.43,3.25,20.09
2.11967121809721,-0.44,3.26,20.09
2.1211046166718006,-0.44,3.26,20.09
2.12258630245924,-0.44,3.26,20.09
2.1240738295018673,-0.43,3.26,20.09
2.1255486086010933,-0.43,3.26,20.09
2.1269454173743725,-0.43,3.26,20.09
2.1284258626401424,-0.44,3.26,20.09
2.12991214543581,-0.44,3.26,20.09
2.131422758102417,-0.44,3.26,20.09
2.1329631209373474,-0.44,3.26,20.09
2.1343207582831383,-0.44,3.26,20.09
2.135871209204197,-0.44,3.26,20.09
2.137372363358736,-0.44,3.26,20.09
2.1387798227369785,-0.44,3.26,20.09
2.140270560979843,-0.43,3.26,20.09
2.1417254023253918,-0.43,3.26,20.09
2.143209457397461,-0.44,3.26,20.09
2.144728682935238,-0.44,3.26,20.09
2.146257869899273,-0.43,3.26,20.09
2.1477685272693634,-0.43,3.26,20.09
2.1492371149361134,-0.43,3.26,20.09
2.1507162302732468,-0.43,3.26,20.09
2.152191709727049,-0.43,3.26,20.09
2.1536668948829174,-0.43,3.26,20.09
2.155156672000885,-0.43,3.26,20.09
2.1566365510225296,-0.43,3.26,20.09
2.1581211537122726,-0.43,3.26,20.09
2.1595375165343285,-0.43,3.26,20.09
2.1625485867261887,-0.43,3.26,20.09
2.1654996760189533,-0.43,3.26,20.09
2.1684602946043015,-0.43,3.26,20.09
2.1714188493788242,-0.43,3.26,20.09
2.174379739910364,-0.43,3.26,20.09
2.1773357205092907,-0.43,3.26,20.09
2.180281348526478,-0.43,3.26,20.09
2.183248832821846,-0.43,3.26,20.09
2.186200063675642,-0.44,3.26,20.09
2.189154427498579,-0.43,3.26,20.09
2.192123994231224,-0.43,3.26,20.09
2.195038039237261,-0.43,3.26,20.09
2.198039334267378,-0.43,3.26,20.09
2.2009612545371056,-0.43,3.26,20.09
2.2039494402706623,-0.43,3.26,20.1
2.206894725561142,-0.43,3.26,20.09
2.209799263626337,-0.43,3.26,20.1
2.212784081697464,-0.43,3.26,20.09
2.215615138411522,-0.43,3.26,20.09
2.218703117221594,-0.43,3.26,20.09
2.2216792814433575,-0.43,3.26,20.09
2.223209634423256,-0.43,3.26,20.09
2.2246748991310596,-0.43,3.26,20.09
2.2261271364986897,-0.43,3.26,20.09
2.22756564989686,-0.43,3.26,20.09
2.2290733233094215,-0.43,3.26,20.1
2.230573497712612,-0.43,3.26,20.09
2.232051055878401,-0.43,3.26,20.09
2.2335235700011253,-0.43,3.26,20.09
2.234994698315859,-0.43,3.26,20.09
2.236471150070429,-0.43,3.26,20.09
2.237954754382372,-0.43,3.26,20.1
2.2394113540649414,-0.43,3.26,20.09
2.24088779091835,-0.43,3.26,20.09
2.242386568337679,-0.43,3.26,20.09
2.2438653483986855,-0.43,3.26,20.09
2.245348297059536,-0.43,3.26,20.09
2.246827408671379,-0.43,3.26,20.1
2.2483088821172714,-0.43,3.26,20.1
2.249793663620949,-0.43,3.26,20.1
2.2512647956609726,-0.43,3.26,20.1
2.252678096294403,-0.43,3.26,20.1
2.2541636303067207,-0.43,3.26,20.1
2.255706250667572,-0.43,3.26,20.1
2.2571707256138325,-0.43,3.26,20.1
2.260146390646696,-0.43,3.26,20.1
2.263071369379759,-0.43,3.26,20.1
2.2660427019000053,-0.43,3.26,20.1
2.2690129913389683,-0.43,3.26,20.1
2.271971344947815,-0.43,3.26,20.1
2.2749277874827385,-0.43,3.26,20.1
2.277863185852766,-0.43,3.26,20.1
2.2808137722313404,-0.43,3.26,20.09
2.2838080190122128,-0.43,3.26,20.1
2.2867508716881275,-0.43,3.26,20.1
2.2897189147770405,-0.43,3.26,20.1
2.2926721945405006,-0.43,3.26,20.1
2.2956305891275406,-0.43,3.26,20.1
2.2985862381756306,-0.43,3.26,20.1
2.301544312387705,-0.43,3.26,20.1
2.3045027665793896,-0.43,3.26,20.1
2.307466819882393,-0.43,3.26,20.1
2.310423530638218,-0.43,3.26,20.1
2.3133765943348408,-0.43,3.26,20.1
2.316339422017336,-0.43,3.26,20.1
2.319157600402832,-0.43,3.26,20.1
2.3207232393324375,-0.43,3.26,20.1
2.3222354762256145,-0.43,3.26,20.1
2.3236995227634907,-0.43,3.26,20.1
2.32518607378006,-0.43,3.26,20.1
2.3266819193959236,-0.43,3.26,20.1
2.3281536772847176,-0.43,3.26,20.1
2.3296234384179115,-0.43,3.26,20.1
2.3311087265610695,-0.43,3.26,20.1
2.3325859531760216,-0.43,3.26,20.1
2.3340668231248856,-0.43,3.26,20.1
2.335544753819704,-0.43,3.26,20.1
2.337020844221115,-0.43,3.26,20.1
2.3385132923722267,-0.43,3.26,20.1
2.3400002904236317,-0.43,3.26,20.09
2.341470777988434,-0.43,3.26,20.1
2.3428570926189423,-0.43,3.26,20.1
2.3444271273911,-0.43,3.26,20.1
2.3459237813949585,-0.43,3.26,20.1
2.347352869808674,-0.43,3.26,20.1
2.348777413368225,-0.43,3.26,20.1
2.350334133952856,-0.43,3.26,20.1
2.3517874851822853,-0.43,3.26,20.1
2.353309787809849,-0.43,3.26,20.1
2.3547547832131386,-0.43,3.26,20.1
2.3561774119734764,-0.43,3.26,20.1
2.3591835014522076,-0.43,3.26,20.1
2.3621809110045433,-0.43,3.26,20.1
2.365136582404375,-0.43,3.26,20.1
2.3680616542696953,-0.43,3.26,20.1
2.3710451275110245,-0.43,3.26,20.1
2.3740119338035583,-0.43,3.26,20.1
2.376966282725334,-0.43,3.26,20.1
2.379901733249426,-0.43,3.26,20.1
2.3828158043324947,-0.43,3.26,20.1
2.3843867480754852,-0.43,3.26,20.1
2.385857731103897,-0.43,3.26,20.1
2.3873203806579113,-0.43,3.26,20.1
2.3887903541326523,-0.43,3.26,20.1
2.390267036855221,-0.43,3.26,20.1
2.3917500898241997,-0.43,3.26,20.1
2.3932326324284077,-0.43,3.26,20.1
2.39469912648201,-0.43,3.26,20.1
2.3961754366755486,-0.43,3.26,20.1
2.3976565189659595,-0.43,3.26,20.1
2.399150662124157,-0.43,3.26,20.1
2.400621432811022,-0.43,3.26,20.1
2.402104325592518,-0.43,3.26,20.1
2.4035936072468758,-0.43,3.26,20.1
2.4050618037581444,-0.43,3.26,20.1
2.4065415300428867,-0.43,3.26,20.1
2.4080231823027134,-0.43,3.26,20.1
2.4094935581088066,-0.43,3.26,20.1
2.410975508391857,-0.43,3.26,20.1
2.4124435372650623,-0.43,3.26,20.1
2.41393181681633,-0.43,3.26,20.1
2.4154193475842476,-0.43,3.26,20.1
2.4168885685503483,-0.43,3.26,20.1
2.4183656834065914,-0.43,3.26,20.1
2.4198240153491497,-0.43,3.26,20.1
2.421337991952896,-0.43,3.26,20.1
2.4228229075670242,-0.43,3.26,20.1
2.4242835976183414,-0.43,3.26,20.1
2.4257411137223244,-0.43,3.26,20.1
2.427231051027775,-0.43,3.26,20.1
2.4287130683660507,-0.43,3.26,20.1
2.4301932863891125,-0.43,3.26,20.1
2.431685023009777,-0.43,3.26,20.1
2.433128882199526,-0.43,3.26,20.1
2.4346151500940323,-0.43,3.26,20.1
2.4361161217093468,-0.43,3.26,20.1
2.43758312612772,-0.43,3.26,20.1
2.439031381160021,-0.43,3.26,20.1
2.440514836460352,-0.43,3.26,20.1
2.441994149237871,-0.43,3.26,20.1
2.44343825802207,-0.43,3.26,20.1
2.444949183613062,-0.43,3.26,20.1
2.446433611214161,-0.43,3.26,20.1
2.4478759095072746,-0.43,3.26,20.1
2.4493535049259663,-0.43,3.26,20.1
2.450827330350876,-0.43,3.26,20.1
2.4523786902427673,-0.43,3.26,20.1
2.4538238272070885,-0.43,3.26,20.1
2.4553060568869114,-0.43,-279.25,20.1
2.4582736417651176,-0.43,3.26,20.1
2.4612494967877865,-0.43,3.26,20.1
2.464171927422285,-0.43,3.26,20.1
2.46716121211648,-0.43,3.26,20.1
2.470125664025545,-0.43,3.26,20.1
2.4730325415730476,-0.43,3.26,20.1
2.475982204079628,-0.43,3.26,20.1
2.478996217250824,-0.43,3.26,20.1
2.4819568917155266,-0.43,3.26,20.1
2.4849038384854794,-0.43,3.26,20.1
2.4878789223730564,-0.43,3.26,20.1
2.4908285215497017,-0.43,3.26,20.1
2.493790850043297,-0.43,3.26,20.1
2.4967150390148163,-0.43,3.26,20.1
2.4997069276869297,-0.43,3.26,20.1
2.5026556998491287,-0.43,3.26,20.1
2.5056209452450275,-0.43,3.26,20.1
2.5085789039731026,-0.43,3.26,20.1
2.5115351155400276,-0.43,3.26,20.1
2.514492016285658,-0.43,3.26,20.1
2.5174527168273926,-0.43,3.26,20.1
2.5204211324453354,-0.43,3.26,20.1
2.5233172699809074,-0.43,3.26,20.1
2.5262891836464405,-0.43,3.26,20.1
2.529123093932867,-0.43,3.26,20.1
2.532086841762066,-0.43,3.26,20.1
2.5351921804249287,-0.43,3.26,20.1
2.538013808429241,-0.43,3.26,20.1
2.540989588946104,-0.43,3.26,20.1
2.5426484011113644,-0.43,3.26,20.1
2.544108286499977,-0.43,3.26,20.1
2.5455622412264347,-0.43,3.26,20.1
2.5469806119799614,-0.43,3.26,20.1
2.5485139414668083,-0.43,3.26,20.1
2.5499942116439342,-0.43,3.26,20.1
2.551471695303917,-0.43,3.26,20.1
2.5529603734612465,-0.43,3.26,20.1
2.5559085085988045,-0.43,3.26,20.1
2.5588516779243946,-0.43,3.26,20.1
2.561819177120924,-0.43,3.26,20.1
2.5647758282721043,-0.43,3.26,20.1
2.567725967615843,-0.43,3.26,20.1
2.5706846565008163,-0.43,3.26,20.1
2.5736073665320873,-0.43,3.26,20.1
2.5751202814280987,-0.43,3.26,20.1
2.5765991136431694,-0.43,3.26,20.1
2.5780416168272495,-0.43,3.26,20.1
2.5795395374298096,-0.43,3.26,20.1
2.581018526107073,-0.43,3.26,20.1
2.5825046002864838,-0.43,3.26,20.1
2.5839851647615433,-0.43,3.26,20.1
2.5854600854218006,-0.43,3.26,20.1
2.586933556944132,-0.43,3.26,20.1
2.5884205251932144,-0.43,3.26,20.1
2.589890096336603,-0.43,3.26,20.1
2.591366097331047,-0.43,3.26,20.1
2.592849601060152,-0.43,3.26,20.1
2.594330530613661,-0.43,3.26,20.1
2.5958311408758163,-0.43,3.26,20.1
2.5973037220537663,-0.43,3.26,20.1
2.598786048591137,-0.43,3.26,20.1
2.6002677865326405,-0.43,3.27,20.1
2.601736146956682,-0.43,3.27,20.1
2.6032167226076126,-0.43,3.27,20.1
2.6046990156173706,-0.43,3.26,20.1
2.606179092079401,-0.43,3.26,20.1
2.6076608896255493,-0.43,3.27,20.1
2.609140522778034,-0.43,3.27,20.1
2.610619880259037,-0.43,3.26,20.1
2.6120832040905952,-0.43,3.26,20.1
2.613565754145384,-0.43,3.26,20.1
2.615046728402376,-0.43,3.26,20.1
2.6165290772914886,-0.43,3.26,20.1
2.6180105097591877,-0.43,3.26,20.1
2.619490910321474,-0.43,3.26,20.1
2.6209731586277485,-0.43,3.26,20.1
2.6223259903490543,-0.43,3.26,20.1
2.6238050684332848,-0.43,3.26,20.1
2.625338736921549,-0.43,3.26,20.1
2.6268548518419266,-0.43,3.26,20.1
2.628237832337618,-0.43,3.26,20.1
2.6297105997800827,-0.43,3.26,20.1
2.631318159401417,-0.43,3.26,20.1
2.6328034102916718,-0.43,3.26,20.1
2.6342812217772007,-0.43,3.26,20.1
2.635755881667137,-0.43,3.26,20.1
2.6372378319501877,-0.43,3.26,20.1
2.6387202255427837,-0.43,3.26,20.1
2.6401940286159515,-0.43,3.26,20.1
2.641671560704708,-0.43,3.26,20.1
2.643152493983507,-0.43,3.26,20.09
2.644631866365671,-0.43,3.26,20.1
2.646099664270878,-0.43,3.26,20.1
2.6475869826972485,-0.43,3.26,20.1
2.649063017219305,-0.43,3.26,20.1
2.6505409702658653,-0.43,3.26,20.1
2.652020428329706,-0.43,3.26,20.1
2.6549799367785454,-0.43,3.26,20.1
2.657914172858,-0.43,3.26,20.1
2.6608908995985985,-0.43,3.26,20.1
2.663847018033266,-0.43,3.26,20.1
2.6668112874031067,-0.43,3.26,20.1
2.6697732657194138,-0.43,3.26,20.1
2.6727297119796276,-0.43,3.26,20.1
2.675680495798588,-0.43,3.26,20.1
2.678596306592226,-0.43,3.26,20.1
2.681570380926132,-0.43,3.26,20.1
2.6843385249376297,-0.43,3.26,20.1
2.6874891966581345,-0.43,3.26,20.1
2.690464649349451,-0.43,3.26,20.1
2.693419720977545,-0.43,3.26,20.1
2.696313463151455,-0.43,3.26,20.1
2.699303451925516,-0.43,3.26,20.1
2.7022657617926598,-0.43,3.26,20.1
2.703832298517227,-0.43,3.26,20.1
2.7052916288375854,-0.43,3.26,20.1
2.7067575082182884,-0.43,3.26,20.1
2.7082224041223526,-0.43,3.26,20.1
2.7096888571977615,-0.43,3.26,20.1
2.7111692503094673,-0.43,3.26,20.1
2.7126535698771477,-0.43,3.26,20.1
2.7141384333372116,-0.43,3.26,20.1
2.715610407292843,-0.43,3.26,20.1
2.7170826233923435,-0.43,3.26,20.1
2.718566481024027,-0.43,3.26,20.1
2.72004709020257,-0.43,3.26,20.1
2.7215133793652058,-0.43,3.26,20.1
2.7230098508298397,-0.43,3.26,20.1
2.7244786359369755,-0.43,3.26,20.1
2.725966550409794,-0.43,3.26,20.1
2.7274396792054176,-0.43,3.26,20.1
2.728802740573883,-0.43,3.26,20.1
2.7303916662931442,-0.43,3.26,20.1
2.7318765111267567,-0.43,3.26,20.1
2.733341109007597,-0.43,3.26,20.1
2.734804332256317,-0.43,3.26,20.1
2.73630677908659,-0.43,3.26,20.1
2.737680111080408,-0.43,3.26,20.1
2.7392604164779186,-0.43,3.26,20.1
2.7407451197504997,-0.43,3.26,20.1
2.7421357333660126,-0.43,3.26,20.1
2.743676744401455,-0.43,3.26,20.1
2.745075784623623,-0.43,3.26,20.1
2.7466432116925716,-0.43,3.26,20.1
2.7481228448450565,-0.43,3.26,20.1
2.7496181651949883,-0.43,3.26,20.1
2.752543978393078,-0.43,3.26,20.1
2.755488410592079,-0.43,3.27,20.1
2.758485198020935,-0.43,3.27,20.1
2.7614116854965687,-0.43,3.27,20.1
2.7644012086093426,-0.43,3.27,20.1
2.7673350907862186,-0.43,3.27,20.1
2.7702705040574074,-0.43,3.27,20.1
2.7732535377144814,-0.43,3.26,20.1
2.7762487046420574,-0.43,3.27,20.1
2.7791691161692142,-0.43,3.27,20.1
2.7821284532546997,-0.43,3.26,20.1
2.7851111702620983,-0.43,3.27,20.1
2.7880734279751778,-0.43,3.27,20.1
2.7910360284149647,-0.43,3.27,20.1
2.7939803041517735,-0.43,3.27,20.1
2.7969443537294865,-0.43,3.27,20.1
2.799896437674761,-0.43,3.27,20.1
2.802859216928482,-0.43,3.27,20.1
2.8058129139244556,-0.43,3.26,20.1
2.808763049542904,-0.43,3.26,20.1
2.8117304034531116,-0.43,3.27,20.1
2.8146802373230457,-0.43,3.26,20.1
2.8176464810967445,-0.43,3.26,20.1
2.8205803968012333,-0.43,3.26,20.1
2.823567394167185,-0.43,3.26,20.1
2.8265108317136765,-0.43,3.26,20.1
2.8279867880046368,-0.43,3.26,20.1
2.8294657804071903,-0.43,3.26,20.1
2.830938160419464,-0.43,3.27,20.1
2.8324185758829117,-0.43,3.27,20.1
2.8339020423591137,-0.43,3.27,20.1
2.835287656635046,-0.43,3.27,20.1
2.836722120642662,-0.43,3.27,20.1
2.8382114954292774,-0.43,3.27,20.1
2.8397901318967342,-0.43,3.27,20.1
2.8411907739937305,-0.43,3.27,20.1
2.842668104916811,-0.43,3.27,20.1
2.84423666074872,-0.43,3.27,20.1
2.845732692629099,-0.43,3.27,20.1
2.8471906036138535,-0.43,3.27,20.1
2.84861496463418,-0.43,3.27,20.1
2.8516183272004128,-0.43,3.27,20.1
2.854515101760626,-0.43,3.27,20.1
2.85754307359457,-0.43,3.27,20.1
2.860457234084606,-0.43,3.28,20.1
2.8634919933974743,-0.43,3.28,20.1
2.865019515156746,-0.43,3.28,20.1
2.8663974218070507,-0.43,3.28,20.1
2.867947284132242,-0.43,3.28,20.1
2.8694110698997974,-0.43,3.28,20.1
2.870876979082823,-0.43,3.28,20.1
2.872363343834877,-0.43,3.28,20.1
2.8738381303846836,-0.43,3.28,20.1
2.8753019012510777,-0.43,3.28,20.1
2.8767970576882362,-0.43,3.28,20.1
2.878280349075794,-0.43,3.28,20.1
2.8797400034964085,-0.43,3.28,20.1
2.8812362626194954,-0.42,3.28,20.1
2.8826853670179844,-0.43,3.28,20.1
2.8841834999620914,-0.43,3.28,20.1
2.885640025138855,-0.43,3.28,20.1
2.8871437199413776,-0.43,3.28,20.1
2.888631246984005,-0.43,3.28,20.1
2.8901068419218063,-0.43,3.28,20.1
2.891584362834692,-0.43,3.28,20.1
2.893048796802759,-0.43,3.28,20.1
2.894542310386896,-0.43,3.28,20.1
2.896024789661169,-0.43,3.28,20.1
2.897505659610033,-0.43,3.28,20.1
2.89897421002388,-0.43,3.28,20.1
2.9004524536430836,-0.43,3.28,20.1
2.901942204684019,-0.43,3.28,20.1
2.9034089520573616,-0.43,3.28,20.1
2.904901161789894,-0.43,3.28,20.1
2.906367212533951,-0.43,3.28,20.1
2.907848786562681,-0.43,3.28,20.1
2.9093341939151287,-0.43,3.28,20.1
2.910810474306345,-0.43,3.28,20.1
2.9122944958508015,-0.43,3.28,20.1
2.913775745779276,-0.43,3.28,20.1
2.9152509458363056,-0.43,3.28,20.1
2.9167339354753494,-0.43,3.28,20.1
2.918196965008974,-0.43,3.28,20.1
2.9196797125041485,-0.43,3.28,20.1
2.92116080224514,-0.43,3.28,20.1
2.922644130885601,-0.43,3.28,20.1
2.9241236820816994,-0.43,3.28,20.1
2.9256045892834663,-0.43,3.28,20.1
2.9270521327853203,-0.43,3.28,20.1
2.928426507860422,-0.43,3.28,20.1
2.9299953505396843,-0.43,3.28,20.1
2.931481283158064,-0.43,3.28,20.1
2.9328622967004776,-0.43,3.28,20.1
2.9344191066920757,-0.43,3.28,20.1
2.9358315877616405,-0.43,3.28,20.1
2.9374235197901726,-0.43,3.28,20.1
2.938793361186981,-0.43,3.28,20.1
2.940360553562641,-0.43,3.28,20.1
2.9417708665132523,-0.43,3.28,20.1
2.943235084414482,-0.43,3.28,20.1
2.944745246320963,-0.43,3.28,20.1
2.9462032318115234,-0.43,3.28,20.1
2.9492705576121807,-0.43,3.28,20.1
2.9522159844636917,-0.43,3.28,20.1
2.955166257917881,-0.43,3.28,20.1
2.95807096734643,-0.43,3.28,20.1
2.961098302155733,-0.43,3.28,20.1
2.964011996984482,-0.42,3.28,20.1
2.9669939018785954,-0.43,3.28,20.1
2.9699619449675083,-0.43,3.28,20.1
2.972921270877123,-0.43,3.28,20.1
2.9758820421993732,-0.43,3.28,20.1
2.9788412004709244,-0.43,3.28,20.1
2.981799304485321,-0.43,3.28,20.1
2.9847486466169357,-0.43,3.28,20.1
2.987692803144455,-0.43,3.28,20.1
2.990420922636986,-0.43,3.28,20.1
2.9936222545802593,-0.43,3.28,20.09
2.996586602181196,-0.42,3.28,20.1
2.999508310109377,-0.43,3.28,20.09
3.002494677901268,-0.43,3.28,20.09
3.005238525569439,-0.43,3.28,20.1
3.008377566933632,-0.42,3.28,20.1
3.011272896081209,-0.43,3.28,20.1
3.0141615346074104,-0.43,3.28,20.1
3.0172953344881535,-0.43,3.28,20.1
3.0201767459511757,-0.43,3.28,20.1
3.023132462054491,-0.43,3.28,20.1
3.0247395299375057,-0.43,3.28,-147.03
3.026205290108919,-0.43,3.28,20.09
3.0276714265346527,-0.43,3.28,20.1
3.029123805463314,-0.43,3.28,20.09
3.030605658888817,-0.42,3.28,20.09
3.032060358673334,-0.43,3.28,20.1
3.0335479266941547,-0.43,3.28,20.1
3.035027928650379,-0.42,3.28,20.1
3.036509729921818,-0.43,3.28,20.1
3.03799407184124,-0.43,3.28,20.1
3.0394702181220055,-0.43,3.28,20.1
3.0409535095095634,-0.43,3.28,20.1
3.042426235973835,-0.43,3.28,20.1
3.043912924826145,-0.43,3.28,20.1
3.0483368635177612,-0.42,3.28,20.1
3.0513028353452682,-0.43,3.28,20.09
3.054191369563341,-0.42,3.28,20.1
3.0571823865175247,-0.43,3.28,20.1
3.060170814394951,-0.42,3.28,20.1
3.0631376691162586,-0.43,3.28,20.1
3.0659759752452374,-0.42,3.28,20.1
3.0689930506050587,-0.42,3.28,20.09
3.071915201842785,-0.43,3.28,20.1
3.074966348707676,-0.43,3.28,20.1
3.077913898974657,-0.43,3.28,20.09
3.0808632150292397,-0.43,3.28,20.1
3.082310877740383,-0.42,3.28,20.1
3.0837981402873993,-0.42,3.28,20.09
3.0853034779429436,-0.42,3.28,20.1
3.0867620445787907,-0.42,3.29,20.1
3.0882340148091316,-0.42,3.29,20.1
3.089692994952202,-0.42,3.29,20.1
3.091195959597826,-0.43,3.28,20.1
3.0926730409264565,-0.43,3.29,20.1
3.0941448360681534,-0.42,3.29,20.1
3.0956494249403477,-0.43,3.28,20.09
3.097124718129635,-0.43,3.28,20.09
3.0986073203384876,-0.42,3.29,20.1
3.1000901609659195,-0.42,3.28,20.09
3.1015710569918156,-0.43,3.28,20.1
3.103048276156187,-0.43,3.28,20.09
3.1045333072543144,-0.42,3.28,20.09
3.106005024164915,-0.43,3.28,20.09
3.107486557215452,-0.42,3.28,20.09
3.1089711897075176,-0.42,3.29,20.1
3.110450327396393,-0.42,3.29,20.09
3.111935008317232,-0.42,3.29,20.1
3.113410137593746,-0.43,3.29,20.09
3.1148925684392452,-0.43,3.29,20.1
3.1163654774427414,-0.42,3.29,20.1
3.1178429648280144,-0.43,3.29,20.09
3.11931549012661,-0.42,3.29,20.1
3.120798733085394,-0.42,3.29,20.09
3.122279066592455,-0.43,3.29,20.1
3.1237596049904823,-0.43,3.29,20.1
3.1252376548945904,-0.42,3.29,20.1
3.1267195753753185,-0.43,3.29,20.1
3.1282035298645496,-0.43,3.29,20.1
3.1296717263758183,-0.43,3.29,20.09
3.131145156919956,-0.43,3.29,20.09
3.1326410099864006,-0.42,3.29,20.09
3.1341141164302826,-0.42,3.29,20.09
3.135587953031063,-0.43,3.29,20.1
3.1370780989527702,-0.43,3.29,20.1
3.138558592647314,-0.43,3.29,20.1
3.1400289312005043,-0.43,3.29,20.09
3.1415066234767437,-0.43,3.29,20.09
3.142984628677368,-0.43,3.29,20.1
3.144470401108265,-0.43,3.29,20.1
3.1474234461784363,-0.43,3.29,20.1
3.1503504626452923,-0.42,3.29,20.1
3.1533338129520416,-0.42,3.29,20.1
3.156291425228119,-0.42,3.29,20.1
3.159262750297785,-0.43,3.29,20.1
3.1622188836336136,-0.42,3.29,20.1
3.1651740446686745,-0.43,3.29,20.09
3.1681199222803116,-0.42,3.29,20.1
3.1710897758603096,-0.42,3.29,20.1
3.1740192100405693,-0.42,3.29,20.1
3.176985442638397,-0.42,3.3,20.1
3.179938118904829,-0.43,3.29,20.1
3.1828810162842274,-0.42,3.29,20.1
3.185825563967228,-0.43,3.29,20.1
3.1873957961797714,-0.43,3.29,20.1
3.188856691122055,-0.43,3.29,20.1
3.190319065004587,-0.42,3.29,20.1
3.19179156050086,-0.43,3.29,20.1
3.1932609491050243,-0.43,3.3,20.1
3.1947425603866577,-0.42,3.29,20.1
3.1962300427258015,-0.42,3.29,20.1
3.1977077834308147,-0.42,3.29,20.1
3.1991859301924706,-0.42,3.29,20.1
3.200663283467293,-0.42,3.29,20.1
3.2021320275962353,-0.42,3.29,20.1
3.2036121264100075,-0.43,3.29,20.1
3.2050935998559,-0.43,3.29,20.1
3.2065769731998444,-0.43,3.29,20.1
3.208047289401293,-0.43,3.29,20.09
3.2095382064580917,-0.43,3.29,20.09
3.211006809026003,-0.43,3.29,20.1
3.212488681077957,-0.43,3.29,20.09
3.2139648124575615,-0.42,3.29,20.09
3.215442169457674,-0.42,3.3,20.09
3.216920178383589,-0.42,3.3,20.09
3.218405120074749,-0.43,3.3,20.1
3.2198911160230637,-0.43,3.3,20.1
3.2213716730475426,-0.43,3.29,20.09
3.2228469736874104,-0.42,3.29,20.09
3.2243294715881348,-0.42,3.29,20.09
3.225792746990919,-0.42,3.29,20.09
3.2272741496562958,-0.43,3.29,20.1
3.228756196796894,-0.43,3.29,20.1
3.2302322313189507,-0.43,3.29,20.09
3.2317185811698437,-0.42,3.3,20.09
3.2332022078335285,-0.42,3.29,20.1
3.2346817776560783,-0.42,3.29,20.1
3.2361135333776474,-0.43,3.29,20.1
3.237597241997719,-0.43,3.29,20.1
3.2390205301344395,-0.43,3.29,20.1
3.240593645721674,-0.42,3.29,20.1
3.2420654110610485,-0.43,3.29,20.1
3.245032262057066,-0.43,3.29,20.1
3.2479515969753265,-0.43,3.29,20.1
3.250870693475008,-0.43,3.29,20.1
3.253866460174322,-0.42,3.29,20.1
3.256864510476589,-0.43,3.29,20.1
3.25977835804224,-0.42,3.3,20.1
3.2627812027931213,-0.42,3.3,20.1
3.26565970107913,-0.42,3.3,20.1
3.2686630561947823,-0.43,3.3,20.1
3.2716540172696114,-0.42,3.3,20.1
3.2746061384677887,-0.43,3.3,20.1
3.2774991393089294,-0.43,3.3,20.1
3.280526950955391,-0.43,3.3,20.1
3.2834696546196938,-0.42,3.3,20.1
3.2864351719617844,-0.43,3.3,20.1
3.289388321340084,-0.42,3.3,20.1
3.292345054447651,-0.43,3.29,20.1
3.2953080646693707,-0.42,3.3,20.1
3.298266477882862,-0.43,3.29,20.1
3.301217522472143,-0.42,3.3,20.1
3.304179910570383,-0.42,3.3,20.1
3.3071348294615746,-0.42,3.3,20.1
3.3100904040038586,-0.43,3.29,20.1
3.313020993024111,-0.43,3.29,20.1
3.3160026781260967,-0.42,3.29,20.1
3.3189450949430466,-0.42,3.29,20.1
3.3219246305525303,-0.43,3.29,20.1
3.3248851038515568,-0.43,3.29,20.1
3.3278399519622326,-0.43,3.29,20.1
3.330792974680662,-0.42,3.29,20.1
3.333643212914467,-0.42,3.29,20.1
3.33507227152586,-0.42,3.29,20.1
3.3365547843277454,-0.42,3.29,20.1
3.3381558135151863,-0.42,3.29,20.1
3.339661728590727,-0.43,3.29,20.1
