elapsed_time [min],weight [g]
0.849297296255827,-0.69,-2.32,30.07
0.8523129187524319,-0.7,-2.32,30.08
0.8552572168409824,-0.69,-2.31,30.09
0.8567060232162476,-0.69,-2.31,30.09
0.8588079363107681,-0.69,-2.31,30.09
0.8597464375197887,-0.69,-2.31,30.09
0.8611756339669228,-0.69,-2.31,30.09
0.8625785298645496,-0.69,-2.3,30.09
0.8641395233571529,-0.69,-2.3,30.1
0.8656349070370197,-0.69,-2.3,30.1
0.8671010099351406,-0.7,-2.3,30.1
0.8685851842164993,-0.69,-2.3,30.1
0.8700490444898605,-0.69,-2.3,30.1
0.8715375810861588,-0.69,-2.3,30.11
0.8730148635804653,-0.69,-2.3,30.11
0.8744964003562927,-0.69,-2.29,30.11
0.8759656026959419,-0.69,-2.29,30.11
0.8774631209671497,-0.69,-2.29,30.11
0.8789322264492512,-0.69,-2.29,30.11
0.8804051168262959,-0.69,-2.29,30.12
0.881872870028019,-0.69,-2.29,30.12
0.8833624720573425,-0.69,-2.29,30.12
0.8848522119224072,-0.69,-2.28,30.12
0.8863213770091534,-0.69,-2.28,30.12
0.8877919502556324,-0.69,-2.28,30.13
0.8892612531781197,-0.69,-2.28,30.13
0.8907828293740749,-0.69,-2.28,30.13
0.8922312147915363,-0.69,-2.28,30.13
0.8951496817171574,-0.69,-2.28,30.13
0.8981734924018383,-0.69,-2.27,30.14
0.9011183232069016,-0.69,-2.27,30.14
0.9040421955287457,-0.69,-2.27,30.14
0.9069895297288895,-0.69,-2.27,30.14
0.9099859222769737,-0.69,-2.26,30.15
0.9129368923604488,-0.68,-2.26,30.13
0.915903814136982,-0.68,-2.26,30.11
0.9188240841031075,-0.68,-2.26,30.11
0.9217979796230793,-0.69,-2.25,30.12
0.9247823283076286,-0.68,-2.25,30.13
0.9277154803276062,-0.68,-2.25,30.14
0.9307022430002689,-0.68,-2.25,30.14
0.933648481965065,-0.68,-2.25,30.14
0.9365783371031284,-0.68,-2.25,30.15
0.9395829252898693,-0.68,-2.24,30.16
0.9425265230238438,-0.68,-2.24,30.16
0.9454874955117702,-0.68,-2.24,30.17
0.9484312422573566,-0.68,-2.24,30.17
0.9513633251190186,-0.68,-2.23,30.17
0.9543632790446281,-0.68,-2.23,30.17
0.9588047452270985,-0.68,-2.23,30.17
0.960286520421505,-0.68,-2.23,30.17
0.9617727287113667,-0.68,-2.23,30.17
0.9632468819618225,-0.68,-2.23,30.18
0.9647242687642574,-0.68,-2.23,30.18
0.9662144780158997,-0.68,-2.23,30.18
0.9676354452967644,-0.68,-2.22,30.18
0.9691368825733662,-0.68,-2.22,30.18
0.9706280045211315,-0.68,-2.22,30.18
0.9721015468239784,-0.68,-2.22,30.18
0.9735797420144081,-0.68,-2.22,30.18
0.9750407710671425,-0.68,-2.22,30.18
0.9765395596623421,-0.68,-2.22,30.18
0.9780137874186039,-0.68,-2.22,30.18
0.9795124642550945,-0.68,-2.22,30.18
0.9809604026377201,-0.68,-2.22,30.18
0.982461828738451,-0.68,-2.22,30.19
0.9839196801185608,-0.68,-2.22,30.19
0.9854240193963051,-0.67,-2.21,30.19
0.9868519492447376,-0.68,-2.21,30.19
0.9882844649255276,-0.68,-2.21,30.19
0.9898615516722202,-0.68,-2.21,30.19
0.9913544058799744,-0.68,-2.21,30.19
0.9942780137062073,-0.68,-2.21,30.2
0.9972704723477364,-0.68,-2.2,30.2
1.0002031549811363,-0.68,-2.2,30.2
1.0031656101346016,-0.68,-2.2,30.21
1.0060652568936348,-0.68,-2.2,30.21
1.0090750493109226,-0.68,-2.2,30.21
1.0120479315519333,-0.68,-2.2,30.21
1.0149316228926182,-0.68,-2.2,30.22
