elapsed_time [s],weight [g]
0.4742937497794628,39.57
0.48123279213905334,39.83
0.48673272505402565,39.83
0.4920584186911583,40.16
0.50030617415905,39.65
0.5055196546018124,40.02
0.5109162367880344,40.02
0.5166303440928459,39.79
0.5216478146612644,39.97
0.5269994661211967,39.93
0.532207790762186,40.02
0.5377155803143978,40.35
0.5436549559235573,40.31
0.54958501085639,39.97
0.5556991659104824,39.72
0.5622680708765984,39.72
0.5678622722625732,40.02
0.5735186189413071,39.88
0.5792068690061569,39.55
0.5846142396330833,39.69
0.590194545686245,40.31
0.5962307155132294,39.83
0.6019443571567535,39.69
0.6076813265681267,40.16
0.6136070899665356,39.72
0.6194528713822365,40.35
0.6256304606795311,39.83
0.632014911621809,39.97
0.6380379125475883,40.26
0.6446667648851871,40.32
0.6519982703030109,40.16
0.6586468257009983,40.27
0.6655145101249218,40.25
0.6718781404197216,40.25
0.6787481568753719,39.9
0.6794573999941349,40.11
0.685883916914463,40.16
0.6916359663009644,40.02
0.6975800357758999,40.11
0.7029948830604553,39.74
0.7085418291389942,39.97
0.7140955999493599,40.25
0.7195753157138824,39.79
0.7250231765210629,39.79
0.7305628247559071,39.55
0.7363140359520912,40.02
0.742265947163105,39.83
0.7480412311851978,40.07
0.7535956911742687,39.62
0.7593543604016304,39.97
0.7650635987520218,40.39
0.7696671858429909,39.93
0.774234015494585,40.28
0.7787155136466026,40.25
0.783394243568182,40.11
0.7879942320287228,40.26
0.7930989861488342,39.93
0.7978056147694588,40.25
0.8025109432637691,39.88
0.807435929775238,39.69
0.8122132867574692,39.79
0.8169199414551258,39.97
0.8215904831886292,39.79
0.8263123519718647,39.88
0.8310663104057312,39.52
0.8358156569302082,40.07
0.8407663740217686,40.16
0.8461113050580025,39.79
0.8509668111801147,39.79
0.8558110445737839,40.25
0.8607723340392113,40.25
0.8659764602780342,40.37
0.8711424246430397,40.16
0.8764140754938126,39.79
0.8814344145357609,40.02
0.8865240886807442,39.83
0.890788272023201,40.16
0.8949250318109989,40.25
0.8994616940617561,39.6
0.9037745632231236,39.69
0.9080857895314693,39.79
0.9125290103256702,39.62
0.9168641455471516,40.26
0.9216183833777905,40.16
0.925770815461874,39.97
0.930046446621418,39.93
0.934282261878252,39.97
0.9386003352701664,40.11
0.9429293088614941,40.02
0.9472733810544014,40.02
0.9516115263104439,39.97
0.9559864401817322,39.9
0.9603782966732979,40.25
0.9650735147297382,40.32
0.9693704582750797,39.97
0.9737427271902561,40.07
0.9782039560377598,40.25
0.9825513288378716,39.57
0.9869758225977421,39.55
0.9915241673588753,40.16
0.99604557082057,39.88
1.000424399971962,39.83
1.004963431507349,40.07
1.0094889216125011,39.83
1.0141172111034393,40.25
1.0186771117150784,39.83
1.023555375635624,39.79
1.0281167067587376,40.29
1.0326834544539452,40.36
1.0372079610824585,40.25
1.0417159348726273,40.11
1.0463133230805397,39.55
1.0509792603552341,39.5
1.0557523928582668,40.07
1.060477752238512,40.7
1.0653573498129845,40.16
1.0702347569167614,39.97
1.0753913298249245,39.97
1.0808637589216232,40.42
1.0860448740422726,40.42
1.091230619698763,39.97
1.0963346175849438,39.88
1.1014713905751705,39.79
1.1068281307816505,40.25
1.1118934601545334,39.97
1.1170612648129463,39.93
1.1221764981746674,40.02
1.1273372992873192,39.93
1.132837913930416,40.07
1.1386105865240097,40.25
1.1435771323740482,42.41
1.1491499580442905,39.72
1.154585987329483,39.69
1.1601832807064056,39.57
1.1654956936836243,39.55
1.171476662158966,39.79
1.1768924444913864,40.07
1.1829604730010033,40.07
1.190350353717804,39.69
1.1969695575535297,40.25
1.2034971490502357,39.6
1.2091899663209915,39.97
1.215613141655922,39.93
1.2214140258729458,40.29
1.2268039286136627,39.88
1.232566811144352,40.07
1.2389217540621758,40.42
1.2448517456650734,40.16
1.2506325207650661,39.6
1.2562885209918022,40.11
1.261817317456007,39.74
1.2675710134208202,39.79
1.273406971246004,40.16
1.2792693935334682,39.72
1.2854461930692196,40.25
1.2913244925439358,39.72
1.2975363545119762,40.16
1.302151057869196,40.45
1.3068383000791073,40.16
1.3118292316794395,39.62
1.3170911110937595,39.69
1.3226082399487495,40.39
1.3279065750539303,40.56
1.332549162209034,40.35
1.3372966311872005,40.28
1.3420630060136318,40.16
1.346662301570177,39.97
1.3517285771667957,40.42
1.3562354370951653,40.25
1.3608913980424404,40.02
1.3657347969710827,40.3
1.3704994060099125,40.02
1.3752906322479248,39.83
1.3800701275467873,39.72
1.384776532649994,40.27
1.3895179368555546,40.31
1.3941847942769527,39.79
1.399069368839264,40.3
1.4038075879216194,40.25
1.4086052142083645,39.72
1.4137986712157726,40.42
1.4183531738817692,40.27
1.423081435263157,39.79
1.4277667738497257,40.02
1.432398233562708,40.16
1.4370889067649841,39.72
1.441895231604576,39.97
1.4467138573527336,39.79
1.4514540024101734,39.79
1.4562650844454765,40.02
1.4611359126865864,39.55
1.4657766781747341,40.25
1.4713414944708347,39.88
1.476161826401949,39.72
1.4808769449591637,39.83
1.485654965043068,39.97
1.4903897941112518,40.25
1.4951336309313774,39.88
1.5000396370887756,40.11
1.5054025389254093,40.31
1.5102144740521908,40.11
1.5152004659175873,39.83
1.5200927294790745,40.16
1.525385394692421,39.9
1.5301381722092628,39.65
1.5349567085504532,39.97
1.539567619562149,40.3
1.5443237721920013,40.39
1.5491738058626652,39.97
1.5541247017681599,39.6
1.5589185915887356,40.29
1.5636642649769783,39.79
1.56863459572196,39.74
1.5735564157366753,40.25
1.5785085037350655,40.35
1.583759818226099,40.16
1.5887832529842854,39.97
1.593748725950718,39.57
1.5986456833779812,39.83
1.6035933122038841,40.11
1.6084993965923786,40.28
1.6134323813021183,40.02
1.6184045001864433,40.02
1.623242486268282,39.69
1.628064539283514,40.25
1.6330038867890835,40.25
1.6378809250891209,40.37
1.6429089941084385,39.9
1.648175921291113,40.25
1.6530146449804306,39.62
1.6578794494271278,40.02
1.662813015282154,39.97
1.6677551493048668,40.11
1.6726244054734707,40.11
1.6776623763144016,40.07
1.682676486670971,39.69
1.6875815987586975,40.07
1.6925376318395138,39.69
1.697711918503046,39.57
1.703112881630659,40.02
1.7081753872334957,39.69
1.7130816467106342,39.88
1.7181166037917137,40.25
1.7232659049332142,39.65
1.728255670517683,39.62
1.7336291745305061,39.88
1.738906841725111,39.72
1.7441357225179672,40.25
1.749795351177454,40.11
1.755594577640295,40.32
1.7617042660713196,40.02
1.7667660377919674,40.16
1.771726131439209,40.16
1.77693847194314,39.83
1.7819720208644867,40.25
1.7871809750795364,40.25
1.8028794564306736,40.07
1.810215637087822,39.97
1.815635982900858,39.57
1.8213207498192787,39.57
1.826737616211176,-151.62
