elapsed_time [min],weight [g]
0.0026190876960754395,31.41,3.37,-0.32
0.00558047741651535,31.4,3.37,-0.32
0.008614465594291687,31.41,3.37,-0.32
0.011565160006284714,31.41,3.37,-0.32
0.014553520828485489,31.41,3.37,-0.32
0.017486266791820526,31.41,3.37,-0.32
0.020434368401765823,31.41,3.37,-0.32
0.023388639092445374,31.41,3.37,-0.32
0.024867039173841476,31.41,3.37,-0.32
0.026356864720582962,31.41,3.37,-0.32
0.027833547443151474,31.41,3.37,-0.32
0.02929844707250595,31.41,3.37,-0.32
0.030784007161855698,31.41,3.37,-0.32
0.03226139023900032,31.41,3.37,-0.32
0.03375130146741867,31.42,3.37,-0.32
0.03524195775389671,31.42,3.37,-0.32
0.036714211106300354,31.42,3.37,-0.32
0.03818837180733681,31.41,3.37,-0.32
0.03967628628015518,31.41,3.37,-0.32
0.04114607721567154,31.42,3.37,-0.32
0.042625777423381805,31.42,3.37,-0.32
0.04397406801581383,31.42,3.37,-0.32
0.045563217252492905,31.41,3.37,-0.32
0.04690196365118027,31.41,3.37,-0.32
0.048499055206775665,31.42,3.37,-0.32
0.050020746886730194,31.41,3.37,-0.32
0.05134475976228714,31.41,3.37,-0.32
0.05296855792403221,31.41,3.37,-0.32
0.05447887256741524,31.41,3.37,-0.32
0.055834151804447174,31.41,3.37,-0.32
0.05739359185099602,31.41,3.37,-0.32
0.05883383750915527,31.41,3.37,-0.32
0.06023113802075386,31.41,3.37,-0.32
0.06183304265141487,31.41,3.37,-0.32
0.0633000023663044,31.42,3.37,-0.32
0.06468377634882927,31.42,3.37,-0.32
0.06628432869911194,31.41,3.37,-0.32
0.06778347119688988,31.41,3.37,-0.32
0.06924747675657272,31.41,3.37,-0.32
0.07072008401155472,31.42,3.37,-0.32
0.07219584658741951,31.41,3.37,-0.32
0.07360057532787323,31.41,3.37,-0.32
0.07515032589435577,31.41,3.37,-0.32
0.07658349722623825,31.42,3.37,-0.32
0.0780457854270935,31.42,3.37,-0.32
0.07959368824958801,31.42,3.37,-0.32
0.08107386529445648,31.42,3.37,-0.32
0.08252153173089027,31.42,3.37,-0.32
0.08397605270147324,31.42,3.37,-0.32
0.08547929674386978,31.42,3.37,-0.32
0.08698391914367676,31.41,3.37,-0.32
0.08837196230888367,31.41,3.37,-0.32
0.09143326058983803,31.41,3.37,-0.32
0.09432587400078773,31.42,3.37,-0.32
0.09735351800918579,31.42,3.37,-0.32
0.10017700120806694,31.42,3.37,-0.32
0.10313373804092407,31.42,3.37,-0.32
0.10622644051909447,31.42,3.37,-0.32
0.1090611070394516,31.42,3.36,-0.32
0.11207341402769089,31.41,3.37,-0.32
0.11504381150007248,31.42,3.37,-0.32
0.11794266104698181,31.42,3.37,-0.32
0.12092798948287964,31.42,3.37,-0.32
0.12398618459701538,31.42,3.37,-0.32
0.12680738419294357,31.43,3.37,-0.32
0.12989308312535286,31.42,3.37,-0.32
0.13277316838502884,31.42,3.36,-0.32
0.1358073204755783,31.42,3.37,-0.32
0.13874298334121704,31.42,3.37,-0.32
0.1417200304567814,31.42,3.37,-0.32
