elapsed_time [s],weight [g]
0.2946333549916744,39.92
0.2963014580309391,39.64
0.2979605309665203,39.69
0.29961882904171944,39.59
0.30128175020217896,40.06
0.3029589094221592,39.92
0.3046342134475708,40.1
0.30629662424325943,39.78
0.30794980376958847,40.06
0.30963055044412613,40.08
0.3112807460129261,39.95
0.31296123936772346,40.01
0.3146161213517189,40.04
0.3162931948900223,39.97
0.31796544045209885,40.1
0.3196217976510525,40.02
0.321278840303421,40.17
0.3229632005095482,40.13
0.3246227316558361,39.97
0.32628723606467247,39.83
0.3279549144208431,39.64
0.3296293839812279,39.97
0.331289891153574,39.94
0.33295922726392746,39.64
0.33462123200297356,39.92
0.3362852893769741,39.98
0.33796725049614906,40.22
0.3396257311105728,39.69
0.34128548949956894,40.06
0.3429602421820164,40.04
0.3446185775101185,39.59
0.3462977074086666,39.83
0.34795432165265083,39.73
0.34962543472647667,40.06
0.35129524394869804,39.99
0.35296274721622467,40.01
0.3546272814273834,39.78
0.3562907874584198,40.06
0.35796257108449936,39.95
0.35962624847888947,40.29
0.3612932972609997,40.29
0.3629588112235069,39.98
0.3646257445216179,39.92
0.3662963844835758,40.1
0.367974404245615,39.55
0.36962442845106125,39.94
0.37129606306552887,40.02
0.3729500360786915,39.83
0.3746343180537224,40.01
0.37628989666700363,40.15
0.37795883417129517,39.98
0.37962259352207184,40.29
0.3812951222062111,40.06
0.3829658329486847,40.04
0.3846309669315815,39.97
0.38629354909062386,40.01
0.38795044645667076,40.01
0.3896307647228241,-76.35
0.39129141718149185,39.94
0.3929609917104244,40.01
0.39462780207395554,40.01
0.39629409834742546,39.83
0.3979576528072357,39.78
0.39962251856923103,39.78
0.4012932702898979,40.06
0.4029598794877529,39.73
0.40461330860853195,39.97
0.4062967412173748,39.73
0.40795961022377014,39.73
0.40961552038788795,39.92
0.41129858791828156,39.36
0.41295740008354187,39.36
0.4146244078874588,39.57
0.4162827245891094,39.73
0.4179559648036957,39.5
0.4196212999522686,40.04
0.4212911054491997,39.92
0.4229665622115135,40.01
0.4246324673295021,39.92
0.4262923039495945,39.92
0.4279632829129696,39.95
0.4296349845826626,39.64
0.4312978535890579,39.92
0.4329487979412079,39.97
0.43463199213147163,39.92
0.4362870045006275,39.59
0.4379383213818073,39.64
0.43962278589606285,39.55
0.441291656345129,39.64
0.44294222444295883,39.57
0.44462595134973526,40.29
0.4462924972176552,40.08
0.4479515589773655,39.64
0.4496331624686718,39.45
0.4512808360159397,39.59
0.45296207442879677,39.92
0.454630795866251,39.57
0.45629046857357025,39.57
0.45796285197138786,39.78
0.45963548868894577,39.73
0.4612913280725479,39.69
0.4629555381834507,39.55
0.4646264649927616,39.83
0.46629294753074646,39.93
0.4679630659520626,39.5
0.4696335978806019,39.73
0.47130147367715836,40.08
0.47295619919896126,40.01
0.4746205471456051,40.08
0.47628873214125633,39.92
0.47796453163027763,39.78
0.4796244949102402,39.92
0.4812893979251385,40.1
0.4829588271677494,40.13
0.48462678492069244,40.06
0.48630475252866745,39.99
0.4879481829702854,39.29
0.48961617425084114,39.27
0.4913014806807041,39.36
0.4929686076939106,39.83
0.4946189895272255,39.31
0.4962826184928417,39.92
0.49797218292951584,39.29
0.4996204189956188,39.45
0.5012976191937923,39.92
0.5029582753777504,39.83
0.5046269558370113,39.92
0.506298117339611,39.93
0.5079585649073124,39.64
0.5096355378627777,39.5
0.5112947970628738,39.5
0.5129575878381729,39.98
0.5146269053220749,39.83
0.5162967033684254,39.92
0.517962884157896,39.73
0.519606202840805,39.78
0.521274272352457,39.83
0.5229506641626358,40.01
0.5246142186224461,40.04
0.5262799672782421,40.15
0.5279596783220768,40.01
0.5296206139028072,40.29
0.5312989242374897,40.22
0.532949686050415,40.02
0.5346266590058804,40.01
0.5362987145781517,39.73
0.537968572229147,39.25
0.5396317541599274,39.36
0.54128023609519,39.94
0.5429704710841179,39.92
0.5446353182196617,40.02
0.546284157782793,40.04
0.5479626655578613,39.5
0.5496242009103298,39.92
0.5513003170490265,39.98
0.5529578924179077,39.45
0.5546147525310516,39.92
0.5562853142619133,39.55
0.5579504854977131,39.29
0.5596238374710083,39.69
0.5612963922321796,39.83
0.5629847273230553,39.69
0.5646252632141113,39.92
0.5662855505943298,39.41
0.5679597146809101,39.57
0.5696263313293457,39.64
0.5712796561419964,39.36
0.5729547254741192,39.45
0.5746367461979389,39.5
0.5762986056506634,39.25
0.5779518038034439,39.59
0.5796088203787804,39.83
0.5812893994152546,39.57
0.5829494595527649,39.94
0.584610927850008,40.01
0.5862801894545555,39.78
0.5879466757178307,39.69
0.5896159447729588,39.59
0.5912899486720562,39.31
0.5929629392921925,39.5
0.5946161262691021,39.78
0.5962946936488152,40.06
0.5979613699018955,39.59
0.5996290259063244,39.45
0.6012991853058338,39.73
0.6029503233730793,39.92
0.6046170890331268,40.01
0.606289841234684,39.92
0.6079492270946503,39.5
0.6096276640892029,39.41
0.6112854182720184,39.73
0.6129549778997898,40.06
0.6146212816238403,39.94
0.616290245205164,39.57
0.617965254932642,-150.66
0.6196239776909351,39.64
0.6212909072637558,39.78
0.6229509152472019,39.78
0.6246312744915485,39.57
0.6262897551059723,39.98
0.6279494948685169,39.98
0.6296209394931793,39.99
0.6312919184565544,39.55
0.6329628489911556,40.01
0.6346299462020397,40.1
0.6362864188849926,39.97
0.6379584036767483,39.59
0.6396263092756271,40.06
0.6412971056997776,40.06
0.6429531536996365,40.29
0.6446193903684616,40.66
0.646286990493536,40.38
0.6479636467993259,39.59
0.6496213860809803,39.99
0.6512999497354031,39.99
0.6529567800462246,39.92
0.6546199060976505,40.01
0.6562989726662636,39.95
0.6579551808536053,39.95
0.6596164703369141,40.29
0.6612850911915302,40.15
0.6629664786159992,40.29
0.6646297425031662,40.24
0.6662959791719913,39.69
0.6679615639150143,40.24
0.6696193069219589,40.29
0.6713004484772682,40.29
0.6729643754661083,40.29
0.6746175736188889,40.13
0.6762930490076542,40.17
0.6779498308897018,40.15
0.6796245872974396,40.29
0.6812913715839386,40.22
0.6829511076211929,40.29
0.6846284978091717,40.22
0.6862957328557968,40.22
0.6879657171666622,40.29
0.6896310858428478,40.29
0.6912870183587074,39.98
0.6929544843733311,39.97
0.6946282535791397,40.38
0.6963002681732178,40.17
0.6979639232158661,40.22
0.6996190398931503,40.24
0.701283548027277,40.04
0.7029759809374809,39.92
0.7046325914561749,39.94
0.7062966860830784,40.02
0.7079552784562111,39.73
0.7096177823841572,39.92
0.7112933024764061,40.04
0.7129531316459179,39.92
0.7146236561238766,39.98
0.7162896133959293,40.43
0.7179610282182693,40.52
0.7196396589279175,40.29
0.7212886586785316,39.78
0.7229556851089001,39.99
0.7246288917958736,39.99
0.7262964248657227,39.92
0.7279478535056114,39.99
0.7296237498521805,40.17
0.7312934286892414,39.59
0.7329633757472038,39.92
0.7346145622432232,39.78
0.73629529774189,40.06
0.7379551194608212,39.99
0.7396359369158745,40.1
0.7412855662405491,39.73
0.7429602108895779,39.93
0.74462004378438,40.02
0.7462944723665714,40.2
0.7479660101234913,40.29
0.749619297683239,40.38
0.7512926310300827,40.12
0.7529626525938511,40.29
0.7546245008707047,40.12
0.7562853321433067,40.1
0.7579666487872601,40.17
0.7596219144761562,39.97
0.7612878493964672,40.08
0.7629639469087124,39.92
0.764629203826189,39.78
0.7662882506847382,39.92
0.7679595910012722,39.92
0.7696306221187115,39.5
0.7712921872735023,40.15
0.7729608155786991,39.98
0.7746373414993286,39.92
0.7762946151196957,39.92
0.7779638953506947,39.78
0.7796306386590004,36.98
0.7812982723116875,40.1
0.7829592265188694,39.98
0.7846324071288109,40.29
0.7862831726670265,40.01
0.7879565060138702,39.98
0.789615023881197,40.13
0.7913009189069271,40.04
0.7929617129266262,40.01
0.7946181036531925,40.06
0.7962897643446922,40.1
0.7979510948061943,40.29
0.799614928662777,40.1
0.8012975417077541,39.92
0.8029631860554218,39.55
0.8046240620315075,39.83
0.8062935136258602,39.93
0.8079637549817562,39.64
0.8096175752580166,39.69
0.8112943172454834,39.36
0.8129643946886063,39.92
0.8146326169371605,39.78
0.8162926211953163,40.06
0.8179602771997452,39.94
0.8196309395134449,39.92
0.8212839029729366,39.45
0.8229531310498714,39.36
0.8246304430067539,39.98
0.8263028413057327,39.73
0.8279661163687706,39.57
0.8296237736940384,39.78
0.8312812969088554,39.36
0.8329586200416088,39.78
0.8346351906657219,39.83
0.8363022767007351,39.83
0.8379798717796803,39.83
0.8396540395915508,39.31
0.8412918299436569,39.92
0.8429677002131939,39.83
0.8446311727166176,40.1
0.8463488519191742,43.22
0.8479601182043552,40.15
0.8496313579380512,39.99
0.8512931577861309,39.69
0.8529605008661747,40.17
0.8546232581138611,39.92
0.8562935963273048,40.02
0.8579665198922157,40.36
0.8596341907978058,40.13
0.8612991683185101,40.08
0.8629684932529926,40.01
0.8646190576255322,39.92
0.866299394518137,39.95
0.8679533414542675,39.92
0.8696332350373268,39.55
0.8712907806038857,39.92
0.8729624040424824,39.69
0.8746307864785194,39.92
0.8762962259352207,39.69
0.8779671750962734,39.92
0.8796353936195374,39.92
0.881297167390585,40.06
0.8829532861709595,39.92
0.8846165873110294,39.64
0.8863104432821274,40.29
0.8879762254655361,40.08
0.889626145362854,40.08
0.8912831842899323,40.13
0.8929764740169048,39.57
0.8946324735879898,39.78
0.8963007889688015,39.92
0.8979657888412476,39.97
0.8996427319943905,39.92
0.9012873508036137,-152.75
0.9029645510017872,40.17
0.9046298786997795,40.29
0.9062995612621307,40.1
0.9079614095389843,40.17
0.9096277765929699,40.24
0.911304522305727,39.94
0.9129547663033009,39.69
0.914628904312849,39.92
0.9162947162985802,39.83
0.9179610833525658,39.92
0.9196342565119267,40.04
0.921295702457428,40.17
0.9229646101593971,39.73
0.9246326945722103,39.64
0.9263017140328884,40.22
0.9279613271355629,39.95
0.929644513875246,40.04
0.9312959276139736,40.24
0.9329657554626465,40.15
0.934637513011694,40.08
0.9363005384802818,40.1
0.9379681311547756,40.34
0.9396330639719963,40.22
0.9412966929376125,39.69
0.9429716430604458,39.95
0.944635234773159,39.98
0.9463102072477341,40.08
0.9479658156633377,40.57
0.9496262781322002,40.36
0.9512992277741432,40.48
0.9529629200696945,40.06
0.9546336829662323,40.29
0.9563014134764671,40.06
0.9579675011336803,39.99
0.9596325643360615,39.98
0.9613039419054985,40.24
0.9629698134958744,40.1
0.9646314904093742,40.01
0.966302152723074,40.08
0.9679635465145111,40.2
0.9696343690156937,40.15
0.9712955839931965,40.1
0.9729759506881237,39.99
0.9746386520564556,39.57
0.9762997552752495,40.06
0.9779742583632469,40.2
0.9796324223279953,39.92
0.9813150689005852,40.29
0.9829613491892815,40.02
0.9846316911280155,39.97
0.9863200820982456,39.83
0.987968485802412,40.1
0.9896285645663738,39.95
0.9913049563765526,40.17
0.9929733723402023,40.2
0.994632862508297,39.95
0.9963030256330967,39.92
0.9979663342237473,40.06
0.9996393471956253,40.15
1.001292198896408,39.97
1.0029698349535465,40.04
1.0046406686306,40.17
1.0062943287193775,40.01
1.0079629123210907,39.97
1.0096361339092255,40.22
1.0113065391778946,40.08
1.0129718631505966,40.2
1.0146229900419712,40.06
1.0162974707782269,39.92
1.0179558768868446,39.38
1.0196315199136734,39.73
1.0212999917566776,39.98
1.0229791030287743,39.92
1.0246333703398705,39.57
1.0263065360486507,39.95
1.0279772579669952,39.83
1.029634390026331,39.69
1.0313016399741173,39.83
1.032959509640932,40.1
1.0346435271203518,40.62
1.0362901091575623,40.12
1.0379644930362701,39.41
1.0396358147263527,39.45
1.0412970520555973,40.08
1.0429750010371208,40.12
1.044630665332079,39.95
1.0462940335273743,40.13
1.0479645356535912,40.2
1.0496260300278664,39.92
1.0512961633503437,39.92
1.0529553294181824,40.17
1.0546358935534954,40.1
1.056309774518013,40.15
1.057961393147707,40.17
1.0596300922334194,40.15
1.0613015815615654,40.06
1.0629579052329063,40.29
1.0646328702569008,40.36
1.0662950836122036,40.15
1.0679634474217892,39.73
1.069624051451683,39.57
1.0713074170053005,39.83
1.0729765705764294,39.55
1.0746350921690464,39.97
1.0762959755957127,40.12
1.0779554136097431,39.95
1.0796298645436764,39.94
1.081305380910635,39.97
1.0829715132713318,40.29
1.0846320576965809,40.08
1.0863024517893791,40.01
1.0879710800945759,40.17
1.089634656906128,40.29
1.0913068279623985,39.78
1.0929680094122887,40.29
1.0946334972977638,40.08
1.0963039100170135,39.95
1.097971759736538,40.04
1.0996384471654892,40.02
1.1012890748679638,40.08
1.1029657386243343,39.92
1.104633655399084,39.64
1.1063075102865696,40.24
1.1079637072980404,40.22
1.109630849212408,40.08
1.1113081201910973,40.15
1.1129775308072567,-150.24
1.1146271079778671,40.15
1.116293203085661,40.06
1.1180261187255383,40.24
1.1196278482675552,40.12
1.1213015541434288,40.08
1.122958417981863,40.29
1.1246350854635239,40.29
1.1262987032532692,40.24
1.1279585994780064,40.06
1.1296398602426052,39.78
1.1313033364713192,39.78
1.132961343973875,40.08
1.1346483267843723,39.92
1.1363060176372528,39.99
1.1379718445241451,39.92
1.1396394558250904,39.59
1.1412992663681507,40.01
1.142961386591196,40.12
1.1446390114724636,40.06
1.1463087610900402,39.92
1.147960588335991,39.57
1.1496440432965755,40.22
1.1513076275587082,40.15
1.1529644913971424,40.1
1.1546381376683712,39.38
1.156303945928812,39.92
1.1579832471907139,39.97
1.159642893821001,39.78
1.1613102331757545,40.06
1.1629789508879185,40.01
1.1646434478461742,39.5
1.1662979871034622,39.97
1.167985800653696,-76.82
1.1696340143680573,39.73
1.1713098548352718,40.13
1.1729718036949635,39.69
1.174639493227005,39.25
1.1762884519994259,39.55
1.1779713854193687,40.13
1.179646909236908,40.24
1.1812939494848251,40.08
1.1829671896994114,39.97
1.1846368536353111,40.01
1.186305157840252,40.29
1.187974777072668,40.15
1.189640186727047,40.02
1.1913077011704445,39.95
1.1929766088724136,39.94
1.194639179855585,39.95
1.1963038854300976,39.92
1.1979623548686504,39.92
1.1996451281011105,39.92
1.2013135850429535,40.1
1.2029811032116413,39.95
1.204643439501524,40.01
1.2062958292663097,40.15
1.2079637758433819,39.99
1.209696426987648,40.06
1.211304247379303,40.01
1.2129742726683617,40.17
1.2146476283669472,40.24
1.2163029611110687,40.17
1.2179719656705856,40.29
1.2196369022130966,40.17
1.2213083393871784,40.02
1.222985278815031,-150.22
1.2246340028941631,40.17
1.2263135351240635,40.1
1.2279782220721245,40.22
1.2296438068151474,39.98
1.2313061878085136,39.98
1.2329775355756283,39.55
1.2346289604902267,39.69
1.2363102622330189,40.08
1.237981889396906,40.13
1.2396439537405968,40.1
1.2413025982677937,40.15
1.242977000772953,40.1
1.244639903306961,40.29
1.246307633817196,39.92
1.2479655258357525,39.97
1.2496458105742931,40.24
1.2513125985860825,40.01
1.2529714964330196,40.06
1.254638772457838,39.94
1.256309986114502,40.06
1.2579721957445145,40.1
1.2596388943493366,40.15
1.2612995095551014,39.92
1.2629699110984802,39.92
1.2646340429782867,39.92
1.2663091123104095,39.55
1.2679801136255264,40.01
1.269633200019598,39.83
1.2713016718626022,39.45
1.2729720175266266,40.12
1.2746334038674831,40.04
1.2763054966926575,39.98
1.2779717780649662,39.98
1.2796455658972263,39.59
1.2813013531267643,40.01
1.2829739637672901,40.15
1.2846338786184788,40.1
1.2863109931349754,40.01
1.2879764288663864,40.13
1.2896434590220451,40.01
1.2912943996489048,40.17
1.2929698936641216,39.19
1.2946422472596169,39.98
1.2963137589395046,39.5
1.2979733757674694,39.45
1.2996483780443668,40.29
1.3013120330870152,40.1
1.3029774315655231,40.29
1.3046405427157879,39.69
1.3063048496842384,39.92
1.3079796321690083,40.13
1.3096443340182304,40.22
1.311308853328228,39.92
1.312974240630865,39.45
1.3146359473466873,39.69
1.3163124360144138,39.73
1.3179735392332077,40.08
1.3196491934359074,39.99
1.32130840793252,39.94
1.3229811936616898,40.08
1.3246377296745777,39.69
1.3263028673827648,39.92
1.327975369989872,39.78
1.3296417631208897,40.12
1.331306666135788,40.2
1.3329740539193153,40.01
1.334640633314848,40.08
1.3363022133708,40.43
1.3379729501903057,40.08
1.339632049202919,39.78
1.3413102068006992,39.78
1.3429809622466564,40.06
1.344649326056242,40.02
1.3463160507380962,40.01
1.3479835875332355,40.29
1.3496440015733242,40.1
1.351308200508356,40.04
1.3529797680675983,40.2
1.3546344339847565,40.15
1.3562996536493301,39.78
1.3579762019217014,39.83
1.3596555851399899,39.69
1.361318502575159,39.92
1.3629823066294193,39.73
1.3646468818187714,39.97
1.3663095720112324,39.92
1.367975939065218,39.57
1.3696356229484081,40.08
1.3713052496314049,39.92
1.372979961335659,39.92
1.3746307529509068,39.94
1.3763198740780354,39.95
1.3779729418456554,39.94
1.3796527907252312,40.1
1.3812985941767693,40.29
1.3829797692596912,39.78
1.384639397263527,40.01
1.3863120041787624,40.1
1.387987069785595,40.08
1.3896433413028717,40.06
1.3913107477128506,40.15
1.3929752670228481,40.22
1.3946462087333202,39.83
1.3963229916989803,39.69
1.3979724310338497,40.29
1.3996362574398518,40.01
1.4013028740882874,40.17
1.4029667265713215,40.12
1.4046504944562912,39.94
1.4063165374100208,40.04
1.4079773873090744,39.92
1.4096367582678795,39.73
1.4113147966563702,39.97
1.412976324558258,40.02
1.4146521054208279,40.15
1.4163324572145939,39.73
1.4179843291640282,39.94
1.4196430705487728,40.22
1.4213110022246838,40.22
1.4229706637561321,40.24
1.4246347434818745,39.38
1.4263134002685547,39.36
1.4279740229249,39.83
1.4296497404575348,40.02
1.4313057623803616,39.97
1.4329778738319874,39.64
1.434644427150488,-150.85
1.4363071583211422,39.64
1.4379855692386627,39.98
1.4396403953433037,40.1
1.4413011074066162,39.69
1.4429789744317532,39.83
1.4446438662707806,40.2
1.446312751621008,40.2
1.4479745477437973,40.1
1.4496547915041447,39.69
1.4513034373521805,39.59
1.4529772736132145,40.29
1.4546417780220509,39.98
1.4563148878514767,39.83
1.45798060297966,40.13
1.4596482701599598,39.95
1.4613209180533886,39.69
1.462976735085249,39.83
1.4646484516561031,39.78
1.4663242101669312,40.1
1.4679788015782833,39.95
1.4696482755243778,39.64
1.4713013283908367,39.78
1.472980871796608,39.95
1.474639169871807,39.78
1.476303830742836,39.92
1.4779751598834991,39.94
1.4796357192099094,40.31
1.481303881853819,40.13
1.4829768761992455,40.31
1.4846445359289646,40.06
1.4863109327852726,40.29
1.4879825040698051,39.55
1.489636640995741,-81.93
1.4913046769797802,40.17
1.4929735586047173,40.06
1.4946404621005058,39.99
1.4963120594620705,40.24
1.497986540198326,-150.38
1.4996479973196983,40.02
1.5013121962547302,40.02
1.5029679387807846,40.29
1.504646435379982,40.22
1.5063138231635094,40.41
1.5079844556748867,40.29
1.5096501484513283,40.5
1.5113052725791931,40.24
1.5129730328917503,40.06
1.514644492417574,39.97
1.5163134522736073,40.29
1.517973393201828,40.12
1.5196510963141918,40.01
1.5213028714060783,39.59
1.522983580827713,39.59
1.52465046569705,39.45
1.5262961313128471,40.06
1.5279767736792564,40.06
1.5296471491456032,40.22
1.5313163846731186,39.57
1.5329776778817177,39.29
1.5346543230116367,39.45
1.5363032408058643,39.69
1.537969682365656,39.92
1.5396422035992146,40.29
1.5413004122674465,40.06
1.5429720543324947,40.01
1.544649913907051,39.97
1.5463193319737911,39.59
1.5479818359017372,40.41
1.5496395006775856,40.29
1.5512986443936825,40.15
1.5529867224395275,40.02
1.5546545796096325,39.92
1.556311722844839,39.94
1.5579880774021149,39.92
1.559647187590599,40.01
1.56131224706769,40.06
1.5629766136407852,40.29
1.5646446347236633,40.2
1.5663136169314384,40.02
1.567981492727995,39.99
1.569651022553444,39.99
1.571317408233881,40.06
1.572982095181942,40.1
1.574639666825533,40.01
1.5763037092983723,39.99
1.5779690779745579,40.1
1.579645961523056,39.59
1.5813164822757244,39.78
1.5829869993031025,39.29
1.5846434608101845,39.5
1.5863144434988499,39.31
1.5879781879484653,39.36
1.5896443761885166,40.01
1.591314185410738,39.92
1.592985574156046,39.99
1.5946473255753517,39.92
1.5963121838867664,39.78
1.5979789234697819,39.64
1.599647220224142,39.78
1.6013194434344769,39.73
1.6029806844890118,39.83
1.60464446246624,40.15
1.606302160769701,40.13
1.6079783886671066,39.95
1.609646875411272,39.45
1.6113135553896427,39.95
1.612972665578127,40.15
1.6146445870399475,39.95
1.6163152270019054,40.08
1.6179929748177528,40.1
1.6196359507739544,39.69
1.6213117390871048,39.95
1.6229811571538448,40.15
1.62464389950037,40.06
1.6263045854866505,39.41
1.6279821954667568,39.5
1.629631981253624,39.78
1.6313187442719936,39.92
1.632977455854416,39.92
1.6346530839800835,39.55
1.6363157629966736,39.64
1.6379751823842525,39.97
1.6396437287330627,39.73
1.6413132958114147,39.83
1.642979223281145,40.1
1.6446519680321217,39.57
1.646318431943655,-150.29
1.6479802653193474,40.2
1.6496486254036427,40.38
1.6513162516057491,39.25
1.6529887914657593,40.52
1.6546542197465897,40.22
1.6563089080154896,39.92
1.657980814576149,39.83
1.6596475765109062,39.99
1.6613002642989159,40.1
1.6629858873784542,39.98
1.6646533235907555,40.2
1.6663197875022888,39.92
1.6679722554981709,40.02
1.6696424670517445,40.01
1.6713116317987442,40.08
1.6729839108884335,40.15
1.6746475659310818,39.95
1.6763062067329884,39.83
1.677976906299591,40.06
1.6796466521918774,40.2
1.6813077963888645,40.15
1.6829753667116165,40.17
1.6846452541649342,40.04
1.6863191314041615,39.92
1.6879873014986515,39.64
1.6896448507905006,40.24
1.691303301602602,40.62
1.6929856278002262,40.22
1.6946484595537186,40.06
1.6963121816515923,39.95
1.6979769356548786,39.83
1.6996574774384499,40.22
1.7013157717883587,-150.01
1.7029864899814129,40.57
1.704639308154583,40.31
1.7063208185136318,40.3
1.7079831287264824,40.31
1.7096450068056583,40.52
1.7113209068775177,40.29
1.7129845023155212,40.57
1.714647550135851,40.52
1.7163164876401424,40.36
1.717975176870823,40.48
1.719652522355318,40.48
1.7213247902691364,40.29
1.722976852208376,40.3
1.7246338464319706,40.22
1.726321268826723,40.52
1.7279733382165432,40.48
1.7296557202935219,40.3
1.731314491480589,40.34
1.732991948723793,40.43
1.7346430532634258,40.3
1.7363195084035397,40.62
1.7379823960363865,40.66
1.7396461479365826,40.57
1.741320714354515,40.48
1.7429912388324738,40.38
1.744648303836584,40.48
1.746321752667427,40.41
1.7479704394936562,40.22
1.749648217111826,40.1
1.7513225190341473,39.83
1.7529806904494762,39.45
1.7546474859118462,39.69
1.756313793361187,40.01
1.7579714804887772,40.08
1.7596570625901222,39.97
1.7613205462694168,39.64
1.7629787027835846,39.78
1.7646487802267075,40.02
1.7663150057196617,40.2
1.767988346517086,39.95
1.76964246109128,40.01
1.771309394389391,39.78
1.7729854471981525,39.92
1.7746362909674644,39.57
1.776323352009058,39.69
1.77798205986619,40.08
1.7796459943056107,39.94
1.7813244424760342,39.78
1.7829824052751064,40.04
1.784649409353733,40.06
1.7863145023584366,40.2
1.7879804633557796,40.41
1.789655975997448,40.29
1.7913240194320679,40.13
1.7929934822022915,40.15
1.7946513257920742,40.17
1.796325657516718,40.57
1.7979832626879215,40.38
1.7996604852378368,40.41
1.8013185039162636,40.1
1.8029855489730835,40.02
1.8046509213745594,40.29
1.806309998035431,40.2
1.8079827055335045,40.2
1.8096483163535595,40.01
1.8113104738295078,39.78
1.8129807449877262,39.92
1.8146389760077,40.22
1.8163159117102623,40.43
1.8179766088724136,40.13
1.8196479678153992,40.17
1.821305450052023,40.66
1.8229867033660412,40.22
1.8246447555720806,40.41
1.8263217955827713,40.38
1.827996388077736,40.04
1.8296471610665321,40.57
1.8313134051859379,40.66
1.8329835161566734,37.5
1.834653202444315,40.24
1.8363049402832985,40.24
1.837982915341854,40.48
1.839653231203556,40.29
1.8413075767457485,40.2
1.842974305152893,40.62
1.8446491733193398,40.24
1.8463198244571686,40.08
1.8479788415133953,40.13
1.8496459238231182,40.08
1.8513202853500843,39.94
1.8529830612242222,40.29
1.8546513207256794,40.29
1.8563223257660866,40.17
1.857971865683794,40.08
1.8596444502472878,39.93
1.8613287433981895,40.15
1.8629827201366425,40.29
1.8646514602005482,40.38
1.8663213290274143,40.29
1.867988508194685,40.57
1.8696485981345177,40.01
1.8713217228651047,40.04
1.8729683347046375,40.1
1.8746400065720081,40.08
1.876315075904131,40.06
1.8779903054237366,40.1
1.8796529099345207,40.29
1.8813153617084026,40.04
1.8829841502010822,40.15
1.884651180356741,40.43
1.8863143883645535,40.38
1.8879758678376675,40.17
1.889649085700512,40.24
1.891315996646881,40.13
1.892975989729166,40.41
1.894645545631647,40.52
1.8963257409632206,40.36
1.8979842476546764,40.31
1.8996502570807934,40.48
1.9013160690665245,40.04
1.9029953256249428,40.1
1.904651951044798,40.36
1.9063159115612507,40.48
1.9079843498766422,40.52
1.9096414633095264,40.43
1.9113180488348007,40.36
1.9129903689026833,-149.78
1.9146651588380337,40.3
1.9163173697888851,40.62
1.917988508939743,40.3
1.9196542389690876,40.43
1.9213185347616673,40.89
1.922990694642067,40.41
1.9246532507240772,40.38
1.9263195246458054,40.48
1.927984967827797,40.24
1.9296682104468346,39.99
1.9313200153410435,40.2
1.932983037084341,40.34
1.9346473589539528,40.66
1.9363195076584816,40.36
1.937986545264721,40.12
1.9396537840366364,40.29
1.9413100108504295,40.08
1.9429748766124249,40.1
1.9446463212370872,40.01
1.9463227353990078,40.17
1.947992216795683,40.12
1.9496449194848537,39.38
1.9513092525303364,39.29
1.9529853351414204,39.5
1.9546378999948502,39.97
1.9563235193490982,39.45
1.9579807296395302,39.92
1.9596603885293007,39.92
1.9613192342221737,39.92
1.9629901610314846,39.78
1.964650422334671,40.1
1.9663317129015923,40.06
1.9679901115596294,39.99
1.96964992582798,39.92
1.9713094383478165,40.02
1.9729883708059788,40.2
1.9746460020542145,40.1
1.9763071425259113,40.22
1.9779745191335678,40.08
1.9796503633260727,39.73
1.9813162423670292,40.06
1.9829887300729752,40.2
1.984654575586319,40.29
1.9863191023468971,40.02
1.9879711791872978,40.04
1.9896552227437496,40.29
1.9913235791027546,40.1
1.9929967671632767,40.12
1.994650561362505,40.17
1.9963176399469376,40.1
1.9979878515005112,39.69
1.999636735767126,39.69
2.001321468502283,39.94
2.0029855705797672,40.08
2.0046646520495415,39.94
2.006312120705843,39.57
2.007983773946762,39.83
2.009649947285652,39.69
2.011319812387228,39.83
2.0129917077720165,40.01
2.014667082577944,40.1
2.0163171216845512,39.73
2.017993353307247,39.5
2.019656304270029,39.97
2.0213324800133705,40.01
2.0229986496269703,40.08
2.0246544517576694,39.97
2.026319492608309,40.08
2.027983598411083,39.5
2.029652889817953,39.55
2.0313301384449005,39.83
2.032992660999298,39.97
2.0346515625715256,40.01
2.0363156236708164,40.29
2.037987098097801,39.69
2.0396552234888077,39.92
2.0413283333182335,39.99
2.0429916381835938,40.02
2.0446614250540733,39.95
2.0463256426155567,39.57
2.0479759983718395,39.95
2.049654960632324,40.15
2.0513295233249664,40.06
2.0529859326779842,39.92
2.054657120257616,39.19
2.0563199520111084,39.57
2.057979229837656,40.08
2.05965693667531,42.43
2.061323333531618,39.83
2.0629944801330566,39.38
2.0646525770425797,39.57
2.0663220807909966,39.92
2.067992452532053,39.73
2.0696434043347836,39.92
2.0713272020220757,39.64
2.072992194443941,39.5
2.0746613405644894,39.78
2.0763244032859802,39.92
2.077984005212784,39.25
2.079661753028631,39.55
2.081321958452463,39.69
2.0829843766987324,39.83
2.0846507996320724,39.5
2.0863203294575214,39.27
2.087988320738077,39.92
2.0896466225385666,39.73
2.0913094468414783,39.78
2.092988930642605,39.5
2.094649326056242,39.45
2.0963192097842693,39.22
2.0979772843420506,39.5
2.0996598787605762,39.36
2.101313643157482,39.36
2.102971352636814,39.92
2.1046543419361115,39.92
2.106323543936014,39.69
2.10799203440547,39.92
2.1096578538417816,39.83
2.111317791044712,39.73
2.112983249127865,39.83
2.1146528348326683,39.41
2.1163163743913174,39.59
2.117975201457739,39.92
2.1196515075862408,39.5
2.1213276982307434,39.59
2.122984316200018,39.36
2.124655921012163,39.41
2.126337308436632,39.57
2.1279910057783127,39.73
2.129656571894884,39.59
2.1313190944492817,39.73
2.1329768151044846,39.83
2.1346607953310013,39.64
2.136325504630804,39.45
2.137988831847906,39.92
2.139644768089056,39.5
2.141321673989296,39.83
2.14300075545907,39.57
2.144653845578432,39.69
2.146323386579752,39.92
2.1479679979383945,39.59
2.14966407045722,39.73
2.151322577148676,39.92
2.1530041359364986,39.83
2.15465684607625,39.45
2.1563275642693043,39.94
2.157992694526911,39.69
2.1596530564129353,39.41
2.1613301001489162,39.92
2.1629775911569595,39.92
2.164654653519392,39.92
2.166314162313938,39.78
2.1679796390235424,39.83
2.169661607593298,39.64
2.1713167130947113,39.78
2.1729871928691864,39.36
2.1746623404324055,39.73
2.1763178072869778,39.36
2.1779876314103603,39.55
2.1796459704637527,39.73
2.181321706622839,39.69
2.1829871088266373,39.92
2.1846491284668446,39.92
2.1863228641450405,39.29
2.187988445162773,39.31
2.189660921692848,39.36
2.19132312014699,39.64
2.1929908767342567,39.19
2.1946497298777103,39.2
2.1963248439133167,39.55
2.197994142770767,39.83
2.199645597487688,39.64
2.201327182352543,39.36
2.2029989026486874,39.45
2.2046454213559628,39.41
2.2063263654708862,39.45
2.2079708352684975,39.36
2.20964739844203,39.94
2.2113136649131775,39.64
2.2129881270229816,39.36
