elapsed_time [min],weight [g]
0.7677600607275963,50.1
0.7692614309489727,50.1
0.7707385681569576,50.1
0.7721643969416618,50.1
0.7736015059053898,50.11
0.7751199938356876,50.11
0.776609294116497,50.11
0.7780862338840961,50.12
0.779575239866972,50.12
0.7809956893324852,50.12
0.782655619084835,50.14
0.7841577529907227,50.13
0.7856092117726803,50.13
0.7869992032647133,50.14
0.7885097973048687,50.13
0.7901060953736305,50.14
0.7916033826768398,50.14
0.7929007038474083,50.14
0.7944785207509995,50.15
0.7960384748876095,50.16
0.7974778339266777,50.16
0.7989533394575119,50.16
0.800521332770586,50.16
0.802000280469656,50.15
0.8033739142119884,50.16
0.8049828112125397,50.16
0.8064802065491676,50.16
0.8079470545053482,50.17
0.8093668110668659,50.17
0.810890544205904,50.18
0.8123889192938805,50.18
0.813762690871954,50.19
0.8153067529201508,50.19
0.81678481772542,50.19
0.8183317594230175,50.18
0.8198734521865845,50.18
0.821375735104084,50.17
0.8228443153202534,50.17
0.8243313021957874,50.17
0.8258372880518436,50.17
0.8271265849471092,50.18
0.8287566229701042,50.19
0.830292209982872,50.19
0.8317680731415749,50.19
0.8332244232296944,50.19
0.8347292952239513,50.19
0.8362410143017769,50.2
0.837710689753294,50.19
0.8392267003655434,50.2
0.840660598129034,50.2
0.8419840559363365,50.2
0.8436876013875008,50.21
0.845112644135952,50.21
0.8464693836867809,50.21
0.8480897396802902,50.21
0.8495193086564541,50.21
0.8509863875806332,50.21
0.8526276685297489,50.22
0.8539811335504055,50.22
0.8555412665009499,50.22
0.8570899330079556,50.22
0.8585838042199612,50.23
0.8600223027169704,50.23
0.8618157394230366,50.23
0.8629651516675949,50.24
0.8645298704504967,50.24
0.865947961807251,50.24
0.8673746064305305,50.25
0.868946336209774,50.24
0.8704343028366566,50.24
0.8718963153660297,50.24
0.8732521049678326,50.25
0.8749489113688469,50.25
0.8763741627335548,50.25
0.8778533190488815,50.25
