elapsed_time [s],weight [g]
0.5647710971534252,19.03
0.5664392560720444,17.95
0.5681104958057404,17.72
0.5697666853666306,17.59
0.5714571140706539,16.94
0.5731052607297897,16.71
0.5747728608548641,16.71
0.5764438062906265,17.06
0.5781061053276062,15.61
0.5797772035002708,15.55
0.5814480967819691,15.48
0.583112545311451,14.67
0.584767434746027,14.05
0.5864437930285931,13.67
0.5881069786846638,12.68
0.5897757634520531,12.76
0.591438002884388,12.76
0.5930957682430744,11.88
0.5947780944406986,11.53
0.5964422933757305,11.83
0.5981099270284176,10.97
0.5997700616717339,10.49
0.6014366671442986,10.5
0.6030936390161514,10.42
0.6047695353627205,9.44
0.6064567901194096,8.56
0.6081105284392834,9.74
0.6097626090049744,8.94
0.6114323623478413,8.38
0.6131078414618969,8.26
0.6147766299545765,8.06
0.616443183273077,7.85
0.618108231574297,7.43
0.6197675056755543,7.63
0.6214342638850212,6.95
0.6231095381081104,7.45
0.6247716285288334,7.12
0.6264423839747906,8.78
0.6281005926430225,8.61
0.6297820284962654,8.93
0.6314480751752853,9.89
0.633111797273159,9.14
0.6347752586007118,8.28
0.636447049677372,7.96
0.6380998343229294,9.14
0.6399343460798264,24.26
0.6414326019585133,-29.27
0.643112313002348,-18.72
0.6447646096348763,12.28
0.6464340463280678,-6.84
0.6481172516942024,-26.85
0.6497872583568096,-0.98
0.6514360755681992,0.61
0.6531199067831039,0.38
0.6547812037169933,-5.14
0.656440157443285,-6.9
0.6581131033599377,-8.46
0.6597793996334076,-9.76
0.6614461354911327,-11.66
0.6631146892905235,-16.11
0.6647748686373234,-3.87
0.6664377637207508,10.64
0.6681099236011505,15.56
0.6697684675455093,30.13
0.6714480333030224,57.89
0.6731100454926491,39.62
0.6747775748372078,18.25
0.6764445938169956,6.09
0.6781106442213058,-9.33
0.6797738932073116,-11.53
0.6814422942698002,-8.35
0.6830975450575352,-7.65
0.6847711242735386,-3.67
0.6864475309848785,-12.21
0.688113771378994,-17.11
0.6897832565009594,-15.9
0.6914450600743294,-12.15
0.6931143254041672,-16.03
0.6947730518877506,-14.17
0.6964611932635307,-17.97
0.6981161944568157,-16.78
0.6997815817594528,-20.84
0.7014486379921436,-22.18
0.703118696808815,-24.08
0.7047924846410751,-20.76
0.706432580947876,-25.79
0.7080957442522049,-26.28
0.7097874134778976,-23.06
0.7114637270569801,-20.44
0.7131246961653233,-12.89
0.7147736884653568,-12.49
0.7164463214576244,-15.73
0.7181215509772301,-7.25
0.7197818271815777,-6.77
0.7214455455541611,-3.78
0.7231135033071041,-2.02
0.7247651666402817,-5.03
0.7264521159231663,-10.25
0.7281181514263153,-8.25
0.729768518358469,-7.98
0.7314711920917034,-7.77
0.7331195883452892,347.74
0.7347976863384247,6157.45
0.7364538833498955,12350.43
0.7381084859371185,7400.33
0.7397820614278316,1671.54
0.7414485737681389,6520.04
0.7431142777204514,11723.03
0.7447735443711281,5322.15
0.7464375533163548,-130.25
0.7481071837246418,-147.56
0.749780248850584,-145.29
0.7514460906386375,-144.29
0.7531095519661903,-143.08
0.7547883577644825,-141.29
0.7564554624259472,-141.14
0.7581206113100052,-139.55
0.7597870118916035,1832.37
0.7614388354122639,10518.38
0.7631190754473209,14169.87
0.7647801861166954,7138.13
0.76644666492939,819.82
0.7681210041046143,-119.78
0.7697771638631821,-124.12
0.7714504897594452,-125.87
0.7731214612722397,-125.26
0.7747841402888298,-124.46
0.7764547392725945,-124.43
0.7781206853687763,-77.24
0.7797859460115433,870.66
0.781449694186449,4245.32
0.7831120975315571,8239.38
0.7847784012556076,9804.47
0.7864513583481312,9924.96
0.7881332822144032,10476.6
0.7897928655147552,10405.3
0.7914515621960163,10343.2
0.7931079789996147,10285.9
0.7947847135365009,10346.48
0.796448715031147,10522.53
0.7981191799044609,10538.69
0.7997851185500622,10388.94
0.8014427609741688,9609.57
0.803112119436264,9767.75
0.8047897294163704,10120.25
0.806444987654686,10292.24
0.8081226609647274,10122.15
0.8097840808331966,8662.23
0.8114366456866264,5388.32
0.8131090253591537,1908.12
0.8147558644413948,98.13
0.8164493106305599,-147.48
0.8181143812835217,-147.46
0.81977803632617,-147.56
0.8214490711688995,-147.36
0.8231348618865013,-145.54
0.8247928023338318,-141.31
0.8264573737978935,-137.65
0.8281182236969471,-131.02
0.8297810778021812,-128.71
0.831464484333992,-150.75
0.833116989582777,-141.8
0.8347903564572334,-125.58
0.8364506438374519,-118.52
0.8381189554929733,-110.56
0.8397850506007671,-105.55
0.841456200927496,-106.86
0.8431079871952534,-114.34
0.8447753116488457,-132.78
0.8464565388858318,-146.08
0.8481110706925392,-137.32
0.8497737944126129,-120.4
0.8514523282647133,-132.23
0.8531195931136608,-140.71
0.8547925688326359,-138.05
0.8564654365181923,-120.33
0.8581189177930355,-138.57
0.8597794286906719,-148.9
0.8614487946033478,-140.94
0.8631022125482559,-127.87
0.8647855445742607,-132.98
0.8664423748850822,-127.43
0.8681034632027149,-97.07
0.8697898015379906,-93.7
0.8714452646672726,-121.87
0.8731221444904804,-124.81
0.8747684098780155,-124.63
0.8764424808323383,-123.62
0.8781189061701298,-122.77
0.8797841295599937,-123.6
0.8814400099217892,-122.99
0.8831118047237396,-122.42
0.8847853019833565,-122.82
0.8864596150815487,-124.8
0.8881204314529896,-125.06
0.8897699303925037,-124.61
0.89144641533494,-123.7
0.893119540065527,-124.89
0.8947986662387848,-123.07
0.8964600451290607,-125.76
0.8981182277202606,-122.79
0.899791345000267,-126.7
0.9014525823295116,-130.25
0.9031197465956211,-135.15
0.9047744609415531,-133.77
0.9064542911946774,-138.6
0.9081140235066414,-141.55
0.9097877070307732,-138.48
0.911456897854805,-142.2
0.9131347686052322,-135.55
0.9147845283150673,-128.36
0.9164408817887306,-125.16
0.9181181341409683,-128.98
0.9197778962552547,-126.52
0.9214569590985775,-128.21
0.9231205359101295,-133.14
0.9247793890535831,-150.33
0.9264520406723022,-105.86
0.9281162805855274,-107.77
0.9297924563288689,-108.93
0.9314492866396904,-109.66
0.9331193566322327,-110.99
0.934793047606945,-110.66
0.9364658743143082,-108.14
0.9381253235042095,-134.09
0.9397820122539997,-139.78
0.9414552487432957,1051.58
0.9431051984429359,3779.77
0.9447892941534519,3831.77
0.9464536122977734,5064.26
0.9481240324676037,6369.42
0.949776578694582,7668.68
0.9514488279819489,7798.49
0.9531178697943687,6951.92
0.9547785818576813,4471.56
0.9564388617873192,3998.53
0.9581137634813786,3843.7
0.9597864598035812,3753.45
0.9614564217627048,4118.78
0.9631321802735329,4475.79
0.9647839553654194,4669.25
0.9664456844329834,4837.83
0.9681235328316689,4349.22
0.9697850756347179,631.03
0.9714557863771915,160.3
0.9731147959828377,152.27
0.9747880473732948,147.03
0.9764559343457222,138.35
0.9781269170343876,133.67
0.9797898307442665,132.39
0.9814545065164566,135.41
0.9831107333302498,130.32
0.9847816489636898,127.87
0.9864515513181686,120.32
0.9881081208586693,105.12
0.9897840656340122,99.62
0.9914574027061462,131.03
0.993122186511755,146.28
0.9947848245501518,115.5
0.9964618608355522,113.81
0.9981328584253788,111.6
0.9997824802994728,110.58
1.0014490000903606,110.64
1.003118872642517,108.58
1.0047765895724297,107.44
1.0064575523138046,107.51
1.008104119449854,107.21
1.0097791440784931,105.85
1.0114525109529495,98.86
1.0131171084940434,91.84
1.0147893838584423,89.73
1.0164423659443855,89.3
1.0180965140461922,88.39
1.0197800807654858,87.66
1.0214356482028961,87.16
1.0231114365160465,87.05
1.0247848629951477,85.8
1.0264430716633797,85.17
