elapsed_time [min],weight [g]
0.34311479702591896,29.92
0.3445722870528698,29.92
0.34598882496356964,29.92
0.34741920232772827,29.91
0.34880559146404266,29.91
0.3502763845026493,29.92
0.35169050097465515,29.93
0.3531602695584297,29.92
0.35459305346012115,29.91
0.35602522641420364,29.92
0.3574482463300228,29.91
0.3588509112596512,29.91
0.36028633639216423,29.91
0.3617640361189842,29.91
0.3632015436887741,29.9
0.3646298795938492,29.9
0.36604641005396843,29.89
0.3675015717744827,29.89
0.3688954673707485,29.89
0.37037695199251175,29.89
0.371805801987648,29.89
0.3732488453388214,29.88
0.3746115528047085,29.88
0.3760928027331829,29.88
0.37755081430077553,29.88
0.37898892909288406,29.87
0.3803902231156826,29.87
0.38181043416261673,29.88
0.3832906745374203,29.87
0.3847225569188595,29.87
0.3861694484949112,29.87
0.387572780251503,29.87
0.38901327550411224,29.87
0.39046691358089447,29.87
0.3918277472257614,29.87
0.3933235891163349,29.86
0.394770260900259,29.86
0.39609525725245476,29.86
0.39757488295435905,29.85
0.39906473085284233,29.85
0.4003930948674679,29.86
0.40188831463456154,29.86
0.4033834896981716,29.85
0.40480735152959824,29.85
0.4062592498958111,29.85
0.4076765291392803,29.85
0.4091116599738598,29.84
0.4105355069041252,29.84
0.4119940809905529,29.85
0.4133935235440731,29.85
0.4148418679833412,29.84
0.4162976033985615,29.83
0.41772813722491264,29.84
0.41906025633215904,29.83
0.420538030564785,29.83
0.42199156805872917,29.83
0.423477228730917,29.83
0.4248979352414608,29.83
0.4263460636138916,29.83
0.4277847893536091,29.83
0.4296049140393734,29.83
0.4306604564189911,29.83
0.43202753365039825,29.83
0.4335236921906471,29.82
0.43492527306079865,29.81
0.43627068400382996,29.81
0.4378117136657238,29.82
0.4392544738948345,29.82
0.44064876809716225,29.82
0.44213953614234924,29.82
0.443575881421566,29.81
0.44498275965452194,29.81
0.4464062564074993,29.81
0.44787905365228653,29.81
0.4492810145020485,29.8
0.4507441371679306,29.8
0.4521794021129608,29.8
0.4536236561834812,29.8
0.4549631252884865,29.8
0.45646145939826965,29.8
0.45788396149873734,29.8
0.45935121178627014,29.79
0.4607716128230095,29.79
0.46223264932632446,29.79
0.46365978568792343,29.79
0.46509041637182236,29.79
0.4664940722286701,29.79
0.46791820600628853,29.79
0.4694046601653099,29.79
0.4708368629217148,29.79
0.47227196767926216,29.8
0.47364677488803864,29.79
0.4751255474984646,29.78
0.476586751639843,29.78
0.478011779487133,29.78
0.47944407537579536,29.78
0.4808477759361267,29.77
0.4823279641568661,29.77
0.48373790085315704,29.78
0.48516006395220757,29.78
0.4866231307387352,29.78
0.4880644306540489,29.77
0.48949362337589264,29.77
0.49090830981731415,29.77
0.49236346781253815,29.77
0.4938090518116951,29.77
0.49517590180039406,29.77
0.4966553971171379,29.77
0.49807795882225037,29.77
0.4995376169681549,29.77
0.5009056925773621,29.78
0.5024115331470966,29.77
